100
146
60 57
92 71
80 22
81 54
71 45
96 16
98 25
72 57
16 91
30 89
22 51
84 98
68 9
92 42
75 30
64 0
51 16
91 80
84 33
6 50
20 15
0 44
0 76
20 11
80 55
92 42
66 26
76 40
56 95
40 9
4 57
90 63
98 34
56 66
32 50
70 33
40 81
68 3
0 63
0 42
60 31
40 14
20 81
88 90
16 33
0 72
36 29
33 25
0 66
93 88
70 77
18 57
14 96
24 54
0 72
56 0
65 67
92 27
48 42
65 33
32 89
4 9
26 84
40 28
80 51
38 63
1 21
72 88
76 3
24 10
17 45
90 45
54 90
16 63
68 7
40 55
36 88
68 78
84 48
30 59
80 1
85 93
0 60
74 58
74 90
25 81
20 21
52 28
35 64
37 39
46 16
91 81
96 30
18 36
52 81
0 18
2 46
60 50
8 97
11 52
38 33
3 42
86 15
50 75
48 0
4 0
45 86
42 8
36 75
32 63
77 23
36 28
45 24
24 14
60 45
50 77
0 66
95 48
88 2
48 26
88 96
71 90
88 90
36 75
37 54
94 48
16 62
17 69
74 18
55 91
5 90
12 77
20 66
64 45
30 41
40 45
81 72
92 39
55 90
0 90
0 23
78 86
75 89
63 36
15 11
32 23
