100
93
40 57
88 11
80 36
14 26
64 39
86 97
37 51
68 24
38 26
28 72
76 45
44 19
40 41
68 47
4 18
44 54
14 26
78 37
96 54
40 36
50 90
46 33
92 47
88 23
0 4
86 50
92 74
60 73
21 47
80 54
90 9
68 53
21 72
1 26
58 0
52 57
10 16
60 90
0 29
30 58
64 33
64 98
3 90
89 0
95 27
71 5
38 66
0 71
70 22
20 54
93 75
81 0
45 28
44 95
0 11
79 81
10 56
92 81
2 34
84 27
61 69
22 37
28 22
3 68
16 62
4 91
76 95
64 54
70 0
26 51
68 0
65 3
16 46
6 34
92 27
20 33
85 0
28 96
92 53
50 15
80 33
47 30
14 89
60 0
90 63
50 93
14 76
50 96
82 19
96 2
52 57
50 90
26 54
