1000
750
912 684
786 734
790 636
968 504
782 4
408 496
913 252
822 324
285 247
152 856
466 155
558 925
600 773
148 184
502 606
613 328
328 785
128 196
512 604
797 445
280 400
800 69
978 554
990 653
341 168
464 325
278 210
634 406
48 676
370 620
480 200
280 568
520 558
355 680
65 148
370 654
168 110
380 0
656 40
280 344
476 205
914 749
127 579
36 528
169 800
796 678
463 424
236 978
96 789
10 0
609 642
335 243
581 593
24 520
488 465
543 895
935 504
936 644
597 462
345 647
230 912
80 524
106 470
638 545
323 260
190 813
444 940
896 724
800 332
936 108
180 140
991 961
401 574
352 875
688 165
960 544
96 761
842 360
664 232
585 860
88 379
379 412
655 960
828 680
680 839
636 992
236 113
770 184
116 448
337 474
25 375
540 216
36 280
352 119
508 484
890 527
824 258
240 810
50 650
348 280
489 546
640 764
246 856
933 322
0 588
700 818
273 250
750 870
24 66
414 65
179 294
284 357
264 338
667 32
327 490
208 613
489 299
63 534
354 70
328 760
16 606
719 179
280 670
302 186
997 274
48 0
796 816
876 524
130 948
984 700
235 300
880 200
951 820
300 540
916 102
334 768
708 228
192 142
256 104
990 80
196 966
255 735
895 605
260 744
40 290
394 60
961 650
218 694
164 214
198 536
311 800
345 775
13 656
234 431
160 76
471 896
166 432
308 653
726 744
640 792
409 239
264 716
720 860
610 178
666 560
232 280
703 10
615 40
550 648
970 382
700 80
920 508
780 279
525 602
999 100
480 590
290 463
440 780
512 8
792 62
722 170
182 396
861 7
592 304
299 994
606 923
315 120
774 388
592 505
800 506
372 522
880 9
685 956
293 391
858 268
400 529
461 380
520 144
254 400
476 928
432 261
984 782
288 552
75 230
344 360
880 334
239 200
930 652
205 360
896 775
474 106
944 305
496 960
685 943
261 650
472 70
848 872
940 59
780 544
685 945
99 88
598 360
110 432
335 363
472 616
608 106
864 930
420 600
0 770
950 778
460 975
482 174
595 111
648 98
206 578
458 36
5 487
280 940
899 626
968 430
480 713
896 22
632 284
286 843
200 605
12 985
270 792
904 468
58 274
640 346
618 740
480 853
138 976
440 833
682 283
200 704
728 76
718 209
904 452
924 352
760 429
912 144
224 954
766 376
600 700
696 760
164 167
669 508
202 580
950 840
711 310
562 960
900 706
30 50
632 720
20 552
111 900
536 280
424 370
296 128
700 585
388 400
772 272
528 310
872 907
784 328
324 792
45 336
348 968
302 374
840 60
754 875
90 142
408 192
184 160
417 907
19 728
110 890
770 871
950 478
126 743
264 171
983 239
718 450
740 38
445 557
184 126
242 16
586 475
856 184
566 940
896 196
70 868
352 685
178 460
452 153
428 89
960 879
766 110
47 785
272 616
640 294
738 84
391 215
384 491
208 892
514 826
0 942
871 485
232 80
200 725
640 441
401 548
41 470
327 95
884 926
598 248
888 280
344 28
782 216
675 66
810 587
800 28
498 404
535 493
394 848
44 83
976 22
742 228
932 694
200 266
460 328
602 736
120 284
52 458
164 730
208 256
764 610
840 706
832 0
795 222
540 225
788 564
965 560
530 908
303 833
539 184
188 106
715 403
80 152
181 262
148 840
270 560
469 873
420 440
337 946
53 68
806 617
824 580
420 728
931 786
0 378
16 565
108 210
295 204
940 351
720 52
467 116
870 260
928 848
814 202
220 165
715 576
324 655
983 192
136 620
359 120
100 204
447 8
932 300
697 920
527 352
576 142
910 364
282 640
844 464
507 995
152 580
960 130
112 160
395 654
811 199
480 650
428 120
114 487
118 358
80 796
450 86
288 76
282 197
708 228
780 824
83 522
296 160
344 50
47 840
170 88
734 771
617 364
130 806
935 481
850 790
540 128
955 994
943 300
580 995
500 0
550 756
760 864
396 273
868 996
572 480
448 58
955 0
372 172
887 224
232 944
385 130
50 776
744 301
608 268
535 42
615 60
4 296
0 1
170 254
30 230
652 666
292 332
687 206
766 920
180 715
455 434
806 598
863 136
442 264
621 606
708 368
30 652
971 975
157 928
150 777
550 588
487 760
790 600
50 827
813 694
850 388
410 808
120 762
525 687
335 747
550 234
788 328
60 160
520 71
257 488
768 916
750 796
375 924
776 360
960 160
528 288
834 340
387 616
535 839
304 704
30 940
184 96
826 318
60 512
163 137
100 870
855 559
786 710
189 600
481 670
84 2
213 556
819 86
278 870
316 320
17 816
232 660
260 508
995 560
560 948
544 400
358 296
992 404
796 144
40 570
173 11
502 16
525 520
384 434
911 120
716 636
908 356
56 394
214 876
744 808
997 594
428 410
488 572
730 340
866 170
120 392
525 62
40 504
468 741
258 91
200 450
444 708
710 86
124 546
169 332
898 120
405 968
840 663
416 842
404 554
120 512
583 744
902 851
440 113
348 650
328 660
748 560
460 307
363 680
960 90
450 786
422 358
696 452
728 8
775 305
950 908
926 411
960 644
890 850
200 296
72 107
151 950
434 680
448 148
256 205
182 215
690 316
623 865
962 537
464 272
760 288
958 623
60 886
40 168
215 877
984 286
251 292
355 80
295 960
148 263
270 600
890 75
75 368
234 620
970 600
101 558
446 225
381 812
292 355
411 25
820 375
6 592
175 812
260 25
660 42
425 276
840 482
580 177
701 658
700 108
795 900
750 996
478 518
912 450
750 490
151 28
145 670
125 910
133 708
57 850
368 500
538 767
74 220
625 204
836 330
360 947
26 280
694 84
590 28
254 888
696 500
784 630
835 74
13 836
300 700
766 380
444 60
119 782
512 290
825 130
116 804
83 866
649 478
164 480
840 600
545 901
852 86
498 484
174 872
746 860
350 735
40 702
431 325
645 714
250 233
880 980
40 98
818 480
560 274
792 456
335 520
608 398
872 579
934 981
220 184
462 820
308 538
5 980
678 680
108 756
400 936
151 791
104 700
16 623
840 779
580 270
799 116
590 28
229 910
280 21
440 814
615 920
222 808
258 613
888 440
796 171
552 696
138 357
40 600
776 800
588 202
992 190
960 515
8 838
808 180
442 920
600 724
119 275
48 700
830 277
92 65
294 899
715 780
0 206
391 580
319 867
992 850
436 544
621 484
400 950
540 608
990 507
545 776
594 304
817 899
204 335
727 897
682 200
436 791
795 729
40 138
560 152
904 403
396 800
308 896
632 512
73 18
522 412
44 240
268 608
232 799
553 656
470 202
6 985
744 532
946 590
286 258
0 191
664 662
660 148
992 563
488 528
833 120
50 780
903 990
60 919
690 744
424 586
