100
465
16 24
92 72
48 17
1 89
99 42
20 15
13 22
88 22
67 91
71 90
1 76
98 72
37 44
81 93
24 83
3 92
8 95
16 8
12 18
97 63
60 17
78 73
39 19
47 58
62 18
49 64
47 47
36 84
43 70
78 68
53 81
12 13
76 29
21 41
47 70
4 59
39 35
85 78
54 32
89 16
3 38
32 2
85 21
86 80
91 16
48 96
49 13
10 78
42 31
19 41
54 75
0 93
10 85
24 16
70 13
85 25
51 17
27 88
38 13
68 81
82 69
78 83
82 88
61 76
71 32
17 25
60 69
19 70
55 43
39 77
56 24
2 59
41 29
99 32
94 19
13 28
88 91
12 22
31 73
98 3
58 67
80 18
37 51
40 44
94 79
21 2
3 75
13 97
56 12
81 50
32 94
79 72
38 43
47 21
16 45
24 26
13 57
44 2
8 37
46 55
68 19
57 72
94 23
21 50
87 2
52 19
48 31
44 86
26 91
60 95
88 36
21 1
93 18
55 2
55 1
57 23
20 66
47 14
41 20
16 29
74 69
0 23
52 44
61 79
87 21
74 76
58 95
29 51
65 85
5 72
86 14
96 59
33 95
25 74
68 42
3 42
11 4
65 15
0 79
94 88
0 20
64 10
16 93
14 33
78 19
6 17
86 54
76 19
1 1
45 69
95 49
12 6
5 29
22 5
8 68
45 61
89 9
71 57
55 37
90 85
9 48
2 95
2 30
66 4
84 11
73 79
12 37
38 17
67 60
75 27
80 72
88 21
34 12
78 89
49 21
26 58
69 81
5 24
11 71
28 95
35 53
75 47
91 13
17 10
25 44
37 57
16 78
79 50
90 9
91 91
30 18
2 52
99 59
76 62
31 56
58 18
9 85
65 52
50 34
62 27
30 52
84 47
30 15
49 72
25 93
15 55
63 17
59 14
77 35
76 60
43 86
78 5
71 95
57 73
82 72
0 12
24 85
11 6
52 61
78 77
6 93
85 69
63 44
83 92
32 59
52 75
98 82
80 69
29 90
95 11
62 95
24 38
32 35
96 85
48 74
62 54
19 47
75 34
44 58
26 76
70 30
3 20
64 36
89 94
78 36
5 92
32 29
30 16
17 26
1 65
52 16
72 23
15 47
10 11
58 36
39 80
19 43
0 83
31 41
29 9
78 35
1 10
16 83
78 33
61 32
51 65
48 23
88 15
70 98
27 28
87 18
8 58
13 8
93 44
50 23
5 28
58 58
90 26
12 54
52 63
19 52
86 60
68 8
10 47
89 97
17 97
7 31
58 1
75 60
24 33
40 34
91 30
60 85
2 72
39 55
87 11
7 25
71 27
34 81
26 23
31 44
72 38
75 30
39 2
90 63
87 82
97 79
16 67
82 7
22 22
18 29
47 89
9 81
23 35
56 54
31 29
92 6
11 84
61 2
47 48
36 97
79 1
7 95
68 41
3 90
63 73
71 11
15 80
44 38
68 1
44 99
30 36
58 41
72 19
95 20
19 32
69 99
85 76
46 53
69 49
95 33
75 66
96 90
99 40
80 19
93 24
70 75
12 28
69 85
99 16
57 19
0 26
70 85
54 16
38 23
18 85
56 93
4 52
35 3
45 15
74 38
39 44
66 51
73 35
36 24
51 45
95 52
71 65
89 77
34 80
1 52
65 9
97 69
14 32
24 59
99 98
49 38
43 15
89 68
2 78
92 54
23 88
58 47
5 99
24 39
79 25
43 45
87 40
14 1
60 23
37 61
29 3
0 31
33 93
37 8
33 47
7 38
47 32
30 26
9 73
23 96
66 38
97 90
14 18
23 27
51 52
82 3
83 15
48 73
24 81
20 83
15 2
46 77
27 69
59 75
84 40
36 50
59 59
77 62
11 60
65 47
27 14
72 3
47 92
87 19
64 54
73 10
31 53
31 9
46 43
84 82
83 20
32 42
80 62
56 43
74 22
42 1
88 14
5 35
59 92
7 23
46 32
85 30
37 16
39 36
11 23
18 95
95 3
89 75
17 46
71 91
20 13
44 60
28 49
47 87
93 6
62 92
39 47
22 28
15 13
64 27
88 83
74 83
38 63
11 55
