100
4407
34 98
33 47
42 45
27 44
93 14
37 99
76 81
38 75
55 19
91 68
83 18
56 18
92 92
56 7
55 63
21 89
61 6
36 56
52 64
0 45
30 89
44 59
71 35
34 26
54 25
95 37
95 3
8 39
47 64
99 2
80 20
43 93
78 32
49 30
48 1
27 30
91 72
89 62
59 76
40 65
1 35
54 49
91 62
88 90
79 87
45 59
59 88
52 90
72 54
20 20
55 48
51 46
72 92
60 83
68 1
48 22
88 2
71 31
17 11
22 96
51 19
55 62
7 59
52 80
13 73
52 69
73 55
67 97
48 80
80 16
33 80
90 21
82 61
5 51
25 27
47 76
46 2
38 5
14 91
37 27
16 42
96 41
97 16
38 97
96 70
66 29
50 56
2 84
70 7
36 95
86 83
71 84
38 61
42 52
4 79
79 72
73 28
13 71
96 3
20 92
73 86
73 23
43 75
60 13
83 96
60 69
31 83
6 21
44 48
73 1
79 5
73 53
85 87
42 96
25 16
83 98
91 78
73 51
91 8
47 51
78 31
86 36
52 30
84 26
31 63
83 57
68 20
96 44
1 38
41 26
54 76
76 98
49 45
58 49
48 88
80 34
24 32
16 60
10 0
23 45
57 44
65 53
88 18
91 81
96 98
57 72
96 11
22 97
8 32
98 56
20 30
15 11
56 77
11 31
23 68
75 40
73 16
11 64
97 7
14 55
32 62
66 6
60 27
38 10
35 10
93 78
6 8
41 14
85 52
45 60
72 73
53 45
41 64
61 38
23 76
45 55
38 64
61 50
91 99
13 26
9 6
4 67
14 45
81 51
49 79
64 73
4 17
18 45
81 32
35 4
8 81
60 98
45 73
1 36
73 14
62 34
20 19
54 86
16 35
89 66
66 53
39 22
70 10
67 3
42 55
60 2
36 72
0 81
45 1
17 70
67 31
57 39
50 11
25 67
98 67
85 17
20 76
39 43
86 59
46 80
14 58
82 50
30 35
83 28
36 0
31 7
95 34
18 73
1 17
40 38
86 60
14 25
55 53
84 54
33 50
12 68
52 95
3 35
23 91
35 73
47 19
81 43
53 51
16 6
20 8
44 6
68 10
32 76
15 68
30 1
71 42
69 23
89 24
59 64
15 46
38 15
65 71
58 70
74 26
28 95
34 24
1 54
35 85
30 50
6 60
51 77
55 72
0 96
61 64
58 51
79 75
74 89
98 48
67 26
95 1
51 49
7 38
34 90
40 92
2 44
21 9
16 22
6 65
85 67
29 43
18 60
71 92
49 69
92 16
47 88
69 50
37 28
88 23
18 81
16 73
25 37
82 41
11 88
58 97
55 87
92 25
99 15
17 48
36 10
16 84
50 37
86 87
66 27
10 36
8 26
9 33
16 92
26 27
32 85
76 88
24 21
13 24
36 83
24 73
45 41
9 95
30 47
34 96
74 44
85 82
23 46
67 39
38 94
18 71
79 95
11 55
68 76
79 4
11 4
29 8
97 90
55 27
38 89
76 64
86 13
47 9
59 14
48 50
60 18
73 91
65 84
47 33
12 78
38 24
34 19
84 83
62 40
63 0
81 91
64 67
4 63
76 15
30 76
65 90
95 90
34 60
74 81
94 39
11 84
55 99
29 17
91 92
17 73
83 34
40 39
49 17
55 31
45 72
74 92
63 8
5 89
41 99
28 52
35 95
98 90
95 80
60 38
72 29
11 8
63 52
47 65
21 54
96 18
27 22
11 90
30 16
79 71
67 8
76 2
3 74
44 50
6 4
89 79
34 0
39 49
4 38
66 77
93 15
96 20
37 7
10 68
23 89
91 42
49 67
96 5
94 40
7 0
97 96
49 70
84 5
9 51
83 54
66 31
74 3
38 36
23 13
77 15
34 51
84 28
43 91
29 92
40 60
75 41
83 12
98 44
63 33
98 81
64 72
60 8
19 37
75 26
64 9
77 0
38 73
92 19
17 84
31 45
77 14
57 75
10 20
9 8
1 25
32 37
80 92
97 99
30 72
26 46
34 55
47 24
80 91
43 98
27 26
43 4
93 0
79 3
72 40
12 73
66 96
62 98
89 60
97 71
84 75
31 16
94 11
7 89
61 86
16 4
90 9
56 22
64 28
14 28
53 80
78 66
28 28
37 12
3 6
83 86
23 29
50 82
19 11
69 87
68 11
48 24
33 12
5 48
41 58
80 66
26 59
39 21
19 42
27 2
29 2
83 79
85 2
42 6
41 10
17 89
87 51
2 92
51 95
2 31
13 29
42 97
83 81
70 54
24 49
56 5
52 92
36 89
94 78
95 36
41 12
77 28
63 31
72 66
26 74
98 39
3 40
88 39
22 58
93 46
8 2
3 12
46 39
1 40
17 96
28 58
60 58
38 76
89 10
42 16
37 40
7 92
81 96
83 55
6 77
53 66
31 56
78 77
95 31
69 12
79 50
23 40
8 13
16 49
24 58
65 61
51 73
5 32
39 27
66 92
94 49
78 43
56 99
7 35
1 82
27 9
96 43
59 72
85 5
1 90
89 22
79 28
2 97
20 48
98 20
72 76
15 80
28 22
68 29
57 95
91 5
39 2
77 45
78 62
50 32
52 91
6 84
19 8
8 80
11 33
8 78
65 36
0 33
66 9
29 9
14 20
11 91
65 41
5 67
73 10
58 80
94 29
40 75
72 1
34 16
13 99
4 65
33 22
75 14
31 41
34 42
33 51
84 90
18 9
0 28
89 46
9 82
22 33
68 17
97 81
68 2
98 53
15 53
50 0
4 86
42 74
54 37
89 15
19 63
48 2
45 16
71 94
49 92
48 48
45 25
73 13
33 40
18 35
92 23
74 35
30 56
59 71
35 20
85 32
88 57
78 38
1 79
38 46
4 11
11 89
24 44
5 50
31 54
72 61
62 32
33 34
63 20
54 0
4 94
57 82
32 10
61 70
57 17
34 68
6 86
50 83
82 55
85 14
62 58
75 24
90 60
10 5
5 84
11 15
19 43
25 32
66 34
2 0
55 8
43 20
61 29
86 75
39 14
51 29
74 62
86 7
78 91
43 89
58 14
85 84
70 49
3 25
9 41
31 5
13 44
86 0
19 25
66 22
6 92
84 92
51 63
61 89
30 8
40 0
9 43
26 71
36 9
28 50
2 24
46 49
12 83
93 64
46 28
11 50
74 72
92 56
33 32
9 42
28 87
65 64
96 45
66 1
11 68
77 54
88 75
3 1
58 96
17 56
7 3
0 51
12 33
83 21
28 63
60 45
28 8
91 46
9 2
67 38
57 55
13 60
8 72
9 77
28 38
5 87
93 58
43 74
78 71
37 38
69 17
98 60
64 59
14 31
38 11
84 99
35 45
76 63
3 76
92 41
34 35
15 12
59 5
3 28
22 1
61 54
21 10
26 12
21 62
63 56
7 39
72 42
25 75
70 69
57 84
69 16
89 72
96 63
25 36
54 38
90 75
49 68
87 22
79 41
42 3
83 19
78 6
62 46
82 31
14 23
55 10
87 33
46 41
71 88
95 43
58 26
29 20
72 59
26 13
11 80
83 50
13 81
43 84
21 12
20 4
26 30
30 63
35 59
83 7
18 10
72 75
51 31
63 23
56 27
55 91
29 68
5 97
37 14
80 57
18 58
39 48
21 74
7 4
33 77
66 5
52 17
88 68
93 44
47 0
87 76
69 11
1 26
9 38
40 41
47 58
51 87
58 72
61 17
28 47
94 47
52 98
16 41
66 61
37 13
62 25
42 31
88 95
57 49
34 49
90 81
59 93
20 17
17 34
34 46
81 80
93 33
78 61
26 97
23 16
62 85
93 56
68 81
52 25
31 86
26 73
19 85
19 92
54 36
26 40
82 7
20 27
92 50
89 71
99 64
39 62
49 32
18 17
13 70
94 96
8 20
22 80
57 41
72 11
77 50
51 12
9 23
91 53
73 32
87 97
47 57
14 13
80 60
61 88
32 83
20 89
76 92
0 6
94 51
18 3
74 61
57 0
94 33
25 42
49 12
40 96
21 6
9 1
67 23
90 99
6 62
41 35
55 41
41 49
45 11
5 71
24 62
71 70
95 48
12 5
93 34
63 54
35 30
77 77
82 36
40 23
71 47
16 64
48 13
27 53
85 51
15 8
22 63
57 87
59 21
92 52
55 55
7 43
72 72
72 64
47 95
59 60
29 38
65 14
22 12
96 31
99 55
53 43
8 60
3 88
12 28
92 59
75 4
75 87
25 81
70 15
14 44
79 62
76 78
73 78
41 72
97 97
12 52
77 25
80 69
25 11
43 41
67 20
75 89
36 41
34 15
56 62
46 74
43 19
4 36
43 1
85 56
53 62
33 86
32 69
94 57
33 89
51 52
9 78
19 76
65 27
90 11
1 33
82 5
69 26
58 7
34 64
69 19
2 1
88 96
11 73
37 62
26 98
40 20
48 61
39 38
24 92
23 6
50 44
84 8
51 18
37 26
22 78
74 33
51 11
47 29
62 87
1 58
71 90
39 47
34 62
53 84
45 58
8 69
31 98
96 54
76 70
39 79
34 87
61 96
26 62
6 29
12 29
71 3
76 6
66 81
90 25
71 87
83 32
57 15
30 5
21 58
75 12
37 61
51 98
9 30
61 15
59 25
28 24
37 46
6 79
71 29
67 7
61 24
74 91
29 47
49 56
59 39
70 63
37 79
93 50
47 52
75 95
83 56
20 72
2 26
52 26
7 71
33 69
95 7
12 76
54 62
84 65
53 6
28 90
38 21
93 85
26 20
80 61
76 0
34 31
78 86
9 86
1 19
32 7
33 68
72 86
29 65
26 22
50 52
42 82
14 71
35 0
54 65
86 63
3 95
57 10
51 58
65 63
55 89
2 82
94 31
47 21
53 49
25 47
32 39
70 19
39 24
84 77
87 40
50 27
54 32
14 19
96 22
4 55
81 4
76 86
53 54
33 37
45 4
8 37
80 93
14 68
33 91
64 35
70 71
68 37
59 3
66 63
11 99
19 39
85 73
93 18
62 39
74 71
76 55
75 1
62 56
93 5
72 52
8 90
67 19
89 39
11 74
64 4
45 26
49 19
26 65
62 1
66 47
93 55
11 0
12 36
4 21
78 72
92 68
11 3
94 75
60 39
53 3
75 37
68 89
91 87
88 84
94 44
91 57
44 4
93 49
77 72
73 21
92 36
77 38
63 37
71 67
30 92
56 73
79 97
9 25
41 1
82 37
57 76
38 86
0 11
59 44
99 36
82 62
25 12
31 70
5 2
37 88
46 46
61 77
43 71
2 36
24 85
73 81
13 64
19 65
75 78
9 27
67 43
89 92
56 72
14 61
27 52
49 73
51 45
34 53
33 58
90 58
91 55
22 10
20 50
88 81
77 55
25 66
91 14
94 18
18 96
91 20
59 94
17 93
0 50
3 90
9 94
98 31
4 18
81 44
0 58
52 77
77 4
70 4
86 89
0 29
61 11
24 79
4 76
29 7
66 90
53 64
74 9
35 55
54 87
66 58
64 95
62 26
15 32
30 53
73 83
82 87
94 58
66 51
34 47
10 53
90 64
69 64
73 56
71 79
37 59
84 51
85 99
36 68
52 61
3 87
48 49
97 14
0 32
14 63
37 4
27 58
68 52
15 91
84 10
81 21
22 65
25 7
17 61
27 21
22 30
8 71
80 6
37 32
90 3
95 79
7 74
67 0
48 34
74 76
56 97
58 16
20 90
23 64
95 72
97 85
52 28
23 79
97 92
41 46
27 67
51 36
98 50
42 11
35 69
58 40
25 33
20 74
72 5
80 46
40 97
83 43
85 58
21 83
8 16
6 82
50 33
69 99
49 80
40 26
1 91
25 73
72 88
54 55
32 92
13 5
75 73
73 74
53 79
56 55
64 25
55 14
57 47
92 71
14 84
67 11
41 39
99 96
94 83
88 59
89 85
94 97
75 0
47 17
55 58
10 70
42 29
81 35
68 32
31 14
16 71
73 5
39 5
19 28
43 65
78 36
76 53
88 0
69 41
45 32
11 39
61 92
74 82
76 58
96 92
29 22
27 69
49 22
86 27
10 62
80 98
15 17
58 82
68 21
21 82
65 96
54 64
86 84
56 66
5 5
88 43
6 16
49 21
33 35
17 78
65 91
60 31
73 93
40 59
80 79
45 0
96 77
84 2
45 34
75 31
21 84
75 90
62 92
81 22
75 20
65 43
60 46
22 55
82 67
8 76
52 4
23 33
34 44
17 9
86 32
53 68
40 57
29 6
52 41
52 74
49 86
93 9
62 45
65 20
34 23
23 9
8 57
5 77
9 71
12 16
0 52
25 82
58 29
23 10
3 72
33 11
93 98
31 80
89 81
11 95
59 29
39 20
1 51
88 53
3 13
35 62
24 97
45 69
37 39
67 68
71 41
75 60
22 38
7 81
20 46
2 73
49 90
26 53
56 14
67 50
77 43
0 12
17 45
81 54
36 49
74 7
42 1
20 64
92 27
98 12
26 52
42 15
32 50
29 99
43 53
71 12
18 87
53 44
46 95
46 66
12 38
46 10
62 91
51 56
35 12
46 30
17 17
42 67
54 75
57 53
23 3
19 35
93 17
45 47
41 59
38 45
15 44
29 74
32 16
38 79
47 55
48 41
23 70
54 29
98 11
82 21
66 54
8 59
71 5
6 13
64 96
58 79
6 25
7 44
56 54
0 4
48 75
75 2
56 25
65 39
46 31
45 54
59 0
81 23
96 91
54 88
82 60
13 90
57 21
96 9
26 44
84 53
98 40
78 15
31 76
82 88
97 41
40 78
16 36
22 22
25 4
35 90
46 92
12 95
91 37
29 25
5 13
1 4
41 83
44 38
76 85
69 44
66 98
47 53
45 5
41 98
47 32
87 42
74 69
67 32
82 20
55 32
69 35
75 43
78 93
93 77
47 34
23 44
91 16
95 38
49 34
32 75
3 99
59 85
32 79
14 36
44 92
30 38
69 29
24 45
25 68
61 72
7 91
90 10
42 49
48 14
49 61
40 33
40 50
34 6
86 31
50 68
21 71
49 97
16 75
65 78
92 6
15 82
17 57
32 17
71 33
78 64
66 70
66 0
76 4
83 26
97 74
54 14
44 1
43 36
7 10
68 3
93 91
7 54
93 25
30 90
46 97
81 0
63 83
36 67
47 43
78 18
72 98
21 65
41 9
15 86
8 8
64 7
63 62
15 19
32 87
78 68
54 26
63 84
44 35
34 18
53 76
79 94
80 55
69 40
64 85
0 79
47 56
76 62
28 60
1 6
28 56
92 81
79 27
51 32
55 82
26 84
29 59
91 50
51 55
87 35
8 15
49 36
76 51
94 4
59 31
48 3
12 37
49 91
73 31
2 65
81 53
72 69
57 59
56 65
75 57
60 99
75 46
65 52
47 67
98 45
37 31
51 10
52 8
21 60
25 48
18 78
3 78
29 63
50 12
23 25
10 63
34 28
15 81
95 11
2 93
8 91
76 59
53 29
67 75
75 59
22 79
38 4
32 51
58 99
33 53
10 87
98 71
30 75
30 84
56 50
11 97
94 38
57 69
17 95
73 11
87 41
80 4
7 82
64 40
35 26
79 34
97 62
61 28
46 69
30 9
66 24
47 23
45 65
70 70
28 57
63 61
13 35
25 21
13 4
16 45
90 13
7 51
72 23
14 39
0 61
62 97
78 85
68 59
20 56
29 87
35 42
92 51
87 82
16 94
86 10
99 58
85 65
49 37
27 12
35 5
97 3
16 91
34 36
99 53
82 28
40 69
72 10
19 88
57 57
50 8
67 88
74 17
25 53
81 60
10 78
63 27
21 50
63 21
55 97
1 47
18 24
32 90
35 3
31 44
60 33
52 27
21 78
96 47
31 77
7 42
7 23
2 80
79 0
80 63
91 67
66 74
63 78
7 15
94 54
28 25
32 35
67 91
72 35
21 26
82 47
3 14
33 29
72 96
7 80
63 65
61 57
72 89
35 56
76 54
47 87
74 64
46 94
19 80
93 74
94 55
21 79
36 93
75 44
25 39
48 85
27 83
41 4
90 89
43 33
9 69
88 8
42 34
16 63
14 52
48 86
47 4
16 89
60 6
78 55
39 39
25 88
46 40
56 86
1 99
21 17
14 87
21 75
28 70
62 61
43 10
69 98
59 8
89 36
77 57
74 30
8 95
99 23
42 12
24 74
51 66
6 95
28 78
51 97
29 10
58 18
47 7
6 76
16 81
58 25
76 57
48 11
29 98
63 98
98 14
61 44
35 64
42 64
82 74
59 89
2 75
70 12
0 98
69 48
9 98
99 35
70 62
28 49
94 60
6 36
24 33
59 47
22 70
20 94
23 82
45 74
17 67
36 51
36 17
0 14
59 46
26 17
34 3
51 22
62 10
69 62
32 49
19 4
44 94
69 4
56 57
55 45
11 85
54 89
11 6
16 32
68 40
42 47
57 86
42 43
27 63
47 35
20 54
32 47
62 43
84 16
33 87
93 19
84 62
4 52
57 96
32 14
34 74
9 61
89 9
49 9
63 81
8 25
77 93
93 62
39 78
40 25
28 46
58 37
43 90
16 12
43 5
21 92
66 85
62 2
64 52
58 56
30 31
57 11
69 15
48 12
57 51
93 73
64 36
30 37
28 96
74 54
23 37
8 43
96 55
81 78
86 64
1 95
10 76
80 27
44 44
64 74
33 44
23 8
50 98
97 59
42 42
36 90
68 87
33 21
83 61
91 45
65 70
53 9
66 69
36 99
65 11
7 16
9 56
27 3
98 63
45 99
84 14
39 17
35 22
31 79
19 21
43 9
46 9
30 34
60 96
45 68
64 6
24 91
10 75
6 7
26 90
59 9
39 42
40 11
15 96
58 45
79 80
36 76
0 0
35 76
43 97
4 30
47 3
45 79
50 61
75 97
74 74
71 10
51 71
63 86
47 6
83 51
8 87
65 80
54 4
19 0
13 11
19 84
96 62
75 22
36 46
85 39
25 17
68 66
0 1
81 72
22 53
24 9
74 37
20 93
22 69
91 44
96 76
83 13
76 9
82 83
1 21
39 85
44 13
90 68
22 64
16 13
77 7
9 73
39 12
54 21
47 75
49 27
68 88
12 64
53 2
33 27
19 91
74 77
42 0
98 52
26 34
45 17
98 99
90 46
26 14
95 75
63 6
32 68
61 65
96 80
8 70
9 31
13 51
31 11
55 9
97 0
26 47
51 17
83 40
53 25
84 40
89 45
57 85
77 17
8 86
48 73
84 93
45 19
32 97
88 78
27 72
18 80
97 78
1 81
70 91
78 79
28 55
96 88
41 96
61 31
28 97
76 21
92 15
70 81
93 97
5 63
30 54
36 12
22 66
22 40
91 15
37 53
46 17
50 22
90 33
96 82
48 66
15 93
16 20
56 46
75 98
63 4
47 98
19 36
40 95
87 88
78 87
54 45
80 22
18 36
20 45
87 50
54 41
45 8
11 16
45 63
17 25
46 56
13 76
73 75
42 91
63 15
65 48
4 71
90 65
84 87
3 71
73 79
35 27
47 30
99 21
57 42
64 21
9 53
1 80
97 91
97 33
78 23
80 33
46 43
22 20
74 36
63 91
92 63
12 2
75 66
81 50
92 83
30 41
26 80
26 57
3 58
90 50
53 12
22 28
4 34
79 68
36 88
97 11
54 78
91 40
24 69
97 80
30 33
52 52
61 0
17 3
16 74
37 95
94 74
37 89
74 51
39 87
51 76
52 31
16 34
16 68
38 29
32 89
82 69
95 20
72 85
9 46
36 1
83 65
9 87
93 13
70 9
15 2
46 99
91 80
9 68
53 57
26 93
80 75
36 48
36 18
87 3
20 85
2 63
66 23
90 27
91 38
12 96
37 57
59 15
50 93
20 3
81 56
51 70
74 90
73 46
3 0
90 85
42 37
28 31
47 44
4 61
61 8
31 87
72 39
47 45
85 37
82 79
11 20
2 10
17 86
11 96
57 4
24 88
91 74
97 25
53 33
21 25
73 20
58 57
42 84
20 53
57 74
15 26
12 26
74 55
94 32
59 70
72 51
28 98
75 28
22 50
90 80
16 28
37 25
54 52
3 66
31 78
22 25
10 33
96 34
91 59
66 18
39 88
20 77
14 89
56 70
81 39
0 3
64 10
89 12
96 73
90 48
11 57
19 50
45 88
32 18
17 98
7 26
89 57
95 70
96 95
40 35
6 31
40 54
20 37
55 11
2 14
89 4
61 35
23 88
94 0
94 86
35 1
69 71
19 61
25 91
99 20
21 73
2 61
3 16
48 4
26 79
83 49
20 29
49 14
15 37
99 85
78 50
5 74
56 41
24 77
14 27
90 17
95 39
22 21
18 57
70 90
87 71
5 55
44 16
2 89
15 54
0 91
31 66
70 22
36 65
13 10
67 56
74 6
80 31
57 66
5 11
22 74
66 40
41 36
14 77
54 27
49 85
17 71
85 26
38 42
37 45
20 2
35 38
43 76
6 80
37 93
21 48
0 70
33 14
51 1
41 20
24 78
47 62
20 84
60 66
44 32
20 31
29 62
10 64
72 95
30 23
96 71
35 21
27 47
39 71
31 60
27 15
1 52
81 30
80 76
8 52
71 38
27 19
61 71
92 62
13 79
26 75
35 19
62 15
34 63
67 67
94 34
10 58
5 72
29 97
34 95
35 6
15 33
70 77
41 68
23 35
2 35
55 92
98 17
51 4
89 32
27 82
46 15
40 44
14 56
30 85
33 30
98 65
13 52
17 59
19 15
76 22
71 66
7 77
11 40
49 51
37 16
7 67
53 93
49 46
71 0
52 63
12 21
22 83
89 51
58 60
17 65
89 11
99 0
4 88
17 63
7 22
68 28
9 80
95 77
35 70
12 24
21 70
1 87
26 4
88 82
93 57
46 52
79 54
61 47
82 70
79 99
84 27
28 19
49 41
43 22
11 79
64 99
5 65
38 84
66 14
19 66
3 45
53 87
24 81
47 86
84 11
37 42
28 75
26 49
16 40
9 35
6 28
15 71
81 18
68 86
68 67
69 42
20 68
79 17
99 59
9 97
37 82
60 43
62 27
67 96
98 35
32 2
70 25
4 1
61 87
37 54
47 74
36 59
70 99
86 37
24 29
44 56
32 19
10 77
54 23
33 49
78 46
89 59
68 26
13 67
52 49
0 65
11 47
1 88
77 97
44 9
38 35
86 44
10 72
94 88
18 83
61 12
14 85
88 14
50 51
14 3
39 91
56 81
86 66
5 80
55 23
62 28
67 69
54 34
85 13
11 77
4 64
65 8
34 7
50 90
40 37
9 45
21 85
70 83
65 37
4 59
93 70
18 31
83 30
8 40
94 25
88 32
48 43
46 18
8 31
23 30
94 17
0 36
42 60
28 89
85 28
21 69
79 44
94 19
28 17
29 28
60 75
47 39
39 7
23 63
37 17
29 32
78 24
86 34
50 66
37 11
14 18
46 89
48 35
77 35
64 55
89 0
18 94
36 43
57 34
84 6
22 90
86 99
78 51
41 90
71 78
98 28
81 76
26 58
54 5
11 71
22 11
50 18
65 22
36 63
99 17
39 77
28 39
91 34
44 40
24 8
63 57
10 86
20 63
67 73
43 45
40 43
3 5
13 40
9 11
41 37
5 16
79 78
79 46
3 59
64 46
56 56
61 7
51 33
71 13
44 65
2 46
50 26
92 75
74 99
68 31
15 47
9 47
46 12
6 10
11 14
18 52
0 44
6 2
70 98
29 96
49 98
28 65
97 89
12 43
2 70
84 23
54 81
38 70
16 80
82 68
70 47
39 99
44 88
97 72
5 95
90 15
39 96
80 23
71 50
85 78
31 23
48 47
56 31
71 37
80 10
36 24
51 86
48 56
33 62
26 23
77 65
19 58
41 43
21 91
38 9
4 5
42 76
42 23
38 78
47 89
16 48
73 87
89 44
97 30
87 57
56 8
48 10
30 86
19 34
43 62
37 1
90 32
84 88
34 94
12 7
34 2
3 31
32 91
89 41
51 37
3 33
36 82
57 73
35 25
18 43
89 31
85 6
6 69
49 95
33 65
86 61
88 6
40 89
50 76
66 12
6 24
55 74
22 92
32 29
62 81
76 24
33 61
90 19
25 55
6 66
44 8
94 63
20 0
26 32
88 49
24 20
53 58
11 87
6 42
49 89
50 46
9 18
96 0
97 20
62 24
4 51
25 29
23 7
67 77
8 4
75 6
76 96
36 26
69 51
2 25
2 27
54 77
34 22
54 51
52 70
37 36
41 17
2 95
98 10
2 77
4 54
33 90
41 80
10 30
68 51
99 71
99 98
55 90
3 8
41 78
82 43
7 30
99 11
36 33
44 83
29 13
87 28
36 38
78 21
41 54
27 96
45 82
21 81
30 57
14 35
21 39
34 66
75 63
31 62
91 19
76 20
89 73
2 98
60 63
82 59
75 65
81 86
8 56
49 39
70 41
58 22
63 51
15 39
71 57
65 73
55 25
88 93
19 23
5 46
88 92
16 70
79 25
78 28
16 1
21 27
23 36
30 39
76 1
96 93
26 51
18 15
90 54
80 24
22 48
46 53
25 76
21 53
92 20
4 40
13 30
43 83
24 87
69 78
87 44
79 85
97 4
62 83
98 91
55 78
28 68
16 79
98 15
45 78
63 24
63 13
81 25
55 13
70 29
60 30
97 21
79 23
79 29
38 22
49 35
0 64
12 15
93 26
13 83
75 36
13 77
15 77
89 95
7 79
69 56
15 69
36 50
91 41
84 19
29 49
74 8
58 20
97 64
96 89
12 11
10 85
90 47
87 14
39 86
99 87
96 39
45 23
51 35
26 16
98 37
53 88
54 12
7 21
84 63
71 75
1 23
63 34
25 46
75 96
61 1
0 26
9 54
75 75
32 99
68 22
35 65
88 62
62 49
64 26
96 61
33 57
67 24
26 95
94 2
43 68
68 63
9 63
60 44
50 23
24 14
90 0
44 54
1 65
69 43
14 78
58 75
75 39
76 34
57 2
90 38
10 95
98 49
37 9
82 34
63 35
51 84
79 65
63 89
92 38
80 68
72 62
99 81
71 40
7 76
86 18
72 84
67 61
45 50
95 8
93 16
12 8
58 4
98 38
25 22
52 24
55 21
65 26
42 79
83 10
40 81
89 49
34 34
18 46
94 28
3 92
66 80
66 71
56 21
92 21
0 5
34 39
20 62
14 62
63 49
48 81
82 54
99 38
59 27
48 57
82 4
97 68
43 47
61 61
26 24
10 74
58 58
60 57
99 43
81 38
93 93
18 93
97 47
21 93
46 20
57 7
31 92
61 41
2 83
61 62
40 12
5 3
63 39
93 8
32 11
64 51
81 37
96 27
40 17
34 54
59 36
37 72
99 29
84 56
84 47
13 94
15 59
97 8
77 32
14 88
60 19
32 44
76 16
44 23
45 52
3 38
14 16
95 27
11 93
0 57
65 98
34 25
70 18
21 46
34 65
69 31
17 24
70 31
11 52
40 63
9 88
61 78
13 91
42 95
55 12
94 79
31 12
4 53
95 97
70 58
11 41
49 72
30 10
2 60
10 66
21 5
97 52
69 53
57 16
50 79
75 51
65 38
24 61
70 78
74 96
22 82
30 30
97 46
28 66
35 2
17 10
5 82
96 10
25 72
24 48
96 25
32 26
56 35
83 6
30 18
60 47
80 65
90 45
1 14
93 52
64 90
30 96
16 86
84 35
42 48
52 97
92 87
55 22
21 37
32 54
69 0
83 59
46 85
26 91
89 90
81 19
39 50
37 52
23 41
1 15
71 11
66 43
56 1
55 54
38 81
45 28
99 62
81 9
37 18
13 12
12 14
28 40
78 45
33 4
0 99
36 8
71 59
24 2
59 4
95 81
74 25
29 78
55 68
57 27
50 2
68 82
13 59
27 89
13 38
71 71
31 15
27 42
92 14
64 13
45 21
27 38
72 93
23 12
3 9
61 34
24 89
55 86
0 43
93 40
68 15
83 48
5 7
70 0
65 15
67 82
95 23
68 92
94 68
35 87
61 56
4 60
15 62
28 85
15 40
30 80
7 33
58 8
11 26
1 59
79 38
35 40
94 89
84 50
49 88
51 64
50 80
20 32
97 27
87 80
34 30
39 35
89 42
80 17
61 27
7 45
85 81
61 26
5 33
10 55
12 79
60 97
81 99
84 22
93 66
91 25
36 4
15 28
7 32
13 17
87 25
97 50
99 10
8 83
32 53
79 83
33 81
17 88
60 24
27 73
93 67
51 69
4 73
96 28
26 81
61 43
27 39
76 87
15 55
22 14
51 92
92 2
13 33
14 17
6 78
73 24
34 99
67 4
60 82
60 72
90 82
86 93
26 31
9 22
40 85
28 14
65 67
10 60
81 14
43 94
18 39
38 57
32 64
88 80
4 4
42 13
26 83
50 6
79 32
23 56
41 66
77 13
24 17
93 80
21 36
71 95
6 68
82 38
59 57
16 82
65 57
1 67
83 17
34 86
40 8
33 13
65 44
93 47
34 52
87 21
40 7
63 80
86 98
97 79
9 83
65 1
91 91
88 24
64 53
68 57
52 2
52 1
82 12
41 75
71 56
37 67
39 54
82 85
32 46
90 52
56 94
54 70
71 64
65 94
72 20
76 41
97 15
95 66
98 92
77 10
79 67
62 35
62 16
59 98
44 24
44 68
96 97
98 72
38 95
40 86
14 38
78 40
27 13
85 41
82 42
11 9
59 18
86 43
52 84
16 43
31 8
29 45
46 59
86 17
67 89
67 47
2 4
88 36
45 20
22 56
38 17
60 12
60 28
37 35
96 75
4 15
76 3
55 75
54 53
34 75
38 41
67 27
45 48
15 23
28 93
31 95
86 88
71 68
96 85
29 46
52 96
65 19
40 99
89 88
34 48
82 39
83 31
95 54
39 46
90 1
41 94
49 58
13 21
72 77
44 61
65 30
61 99
70 6
90 49
60 90
41 51
88 65
97 39
40 18
48 89
20 40
46 67
69 7
30 62
2 45
64 98
69 63
22 17
5 0
30 25
15 14
27 84
74 58
22 95
62 86
94 81
43 15
96 17
32 1
18 14
49 77
60 29
13 86
39 11
65 65
44 11
76 27
86 38
72 87
67 84
70 55
91 93
75 79
11 78
44 34
89 35
63 3
65 49
42 89
88 61
74 57
12 85
38 40
17 1
29 66
40 68
61 66
85 50
2 12
67 5
23 69
63 17
65 76
54 3
68 71
56 38
5 18
5 66
37 90
68 91
54 9
56 74
14 74
35 61
80 58
82 44
27 0
72 34
5 60
97 87
6 3
5 43
83 42
16 61
63 96
72 97
85 1
56 43
13 39
65 32
79 63
58 13
67 93
7 93
94 23
6 57
72 30
55 64
5 37
14 70
76 93
33 55
29 50
39 61
65 97
77 36
46 81
46 0
5 27
33 45
79 18
22 86
88 48
19 30
82 96
18 92
73 99
99 75
50 71
38 67
58 23
64 89
55 76
1 43
3 53
4 3
22 37
18 86
79 12
50 81
58 28
52 35
1 77
46 22
72 2
75 32
38 63
61 60
53 31
46 32
43 48
5 23
98 57
10 99
86 9
73 59
11 49
29 57
76 68
80 89
28 33
6 83
35 77
78 8
57 31
89 16
55 65
6 17
73 26
44 91
41 19
22 26
97 44
53 60
16 62
91 3
53 32
72 60
49 8
0 55
25 74
65 74
93 39
0 97
19 10
92 17
6 64
76 13
52 40
91 2
1 92
57 78
18 91
0 83
22 18
42 93
80 35
51 7
72 24
48 40
55 52
33 98
12 60
7 64
95 24
63 74
39 25
61 42
87 70
97 94
75 30
92 29
16 87
45 80
99 52
97 95
16 23
10 79
98 1
44 89
98 61
55 16
77 99
45 45
25 86
47 22
33 76
81 49
97 86
13 93
27 87
11 25
48 0
72 3
9 72
79 56
33 79
13 85
75 94
87 72
80 0
17 60
81 58
59 96
15 58
37 24
81 28
32 66
40 42
59 73
80 62
39 92
58 54
2 96
79 84
64 49
30 24
95 85
50 97
54 59
48 52
36 87
96 94
94 98
42 25
89 47
23 55
56 87
61 59
56 64
23 28
36 23
33 24
11 29
70 57
82 14
76 71
13 36
76 37
1 5
51 24
48 18
68 80
2 2
73 8
66 67
97 9
10 47
87 12
4 90
29 88
8 44
99 8
66 46
94 30
13 45
57 28
56 68
32 70
59 75
67 2
55 80
47 36
7 40
55 95
75 29
3 91
59 86
60 67
84 71
94 92
93 41
92 0
12 22
73 64
27 14
8 21
6 56
82 52
27 80
0 75
97 61
48 38
37 21
54 61
81 84
81 57
14 15
42 8
79 70
88 31
45 44
48 42
57 80
6 58
71 43
56 13
62 6
16 7
22 31
74 84
10 17
39 80
73 36
76 73
53 36
31 27
54 40
40 16
81 15
25 3
40 56
95 93
47 26
31 1
77 46
38 47
13 32
51 90
90 28
12 55
95 6
8 41
43 46
88 94
27 34
44 15
95 41
49 7
48 19
89 29
88 64
58 84
94 8
52 54
0 42
41 34
48 68
20 44
31 30
97 32
90 97
3 79
95 89
75 69
32 27
62 21
94 82
66 30
38 49
60 87
81 2
36 84
33 67
27 28
8 3
98 89
76 28
11 59
33 93
28 76
10 18
77 22
13 22
39 73
77 89
63 53
69 90
1 89
65 35
82 76
47 91
40 24
37 87
61 74
76 90
43 32
33 1
22 24
58 89
66 72
63 85
24 25
7 37
27 66
27 70
23 14
48 65
42 54
69 77
42 20
50 84
9 32
11 60
68 90
56 36
43 56
54 39
26 48
66 38
28 9
58 31
66 21
67 34
11 46
82 24
15 48
86 50
33 88
30 91
43 49
12 62
35 23
8 17
48 83
8 61
52 55
80 95
16 95
29 81
41 71
59 11
65 54
60 25
66 13
93 95
12 88
65 50
53 24
79 22
0 48
22 5
22 77
72 27
88 85
26 41
64 93
61 16
21 66
23 83
52 88
37 33
41 57
49 3
96 13
48 58
29 89
41 2
85 60
4 44
15 94
29 0
50 29
58 33
36 77
36 19
85 29
28 35
32 25
0 80
21 76
84 29
66 8
95 96
77 19
48 67
85 34
96 14
69 81
39 69
13 74
50 36
6 9
45 24
17 40
72 78
49 16
68 98
83 53
32 80
19 53
61 39
14 29
34 72
38 31
96 8
78 39
38 62
44 22
94 16
27 7
26 1
33 63
79 47
28 88
6 54
69 92
5 96
99 84
50 85
84 1
41 40
31 61
54 10
43 85
33 46
78 54
34 11
19 9
76 61
2 59
70 32
35 43
30 20
95 78
71 15
83 99
33 17
62 5
24 39
70 20
15 15
75 5
86 22
35 58
99 12
32 15
80 54
35 13
63 50
8 55
78 37
56 67
7 65
89 70
68 13
63 59
6 47
74 38
1 61
10 71
18 70
50 74
40 32
52 81
54 66
34 37
16 21
78 84
0 67
93 92
73 6
64 5
81 47
52 67
84 94
27 11
41 48
32 59
26 88
67 60
96 67
59 16
88 33
74 4
90 7
51 43
74 87
89 1
1 93
4 62
75 88
55 33
1 53
34 8
37 60
61 46
62 62
91 98
47 96
60 21
62 88
59 17
73 72
36 74
83 87
44 72
51 60
89 13
29 76
88 22
95 63
87 73
51 40
60 34
27 56
59 26
76 60
67 29
4 31
6 0
75 45
65 13
90 24
92 90
87 78
91 6
62 74
6 18
5 44
18 84
15 4
70 80
69 13
57 61
55 44
59 83
46 65
91 18
17 18
10 35
58 12
74 45
59 66
85 18
1 31
43 27
83 25
75 49
69 34
23 38
52 34
73 7
84 55
67 95
21 52
39 30
80 74
55 7
42 98
63 46
53 96
57 37
65 86
59 50
41 79
40 19
49 48
82 49
79 45
86 49
87 77
82 98
79 24
77 76
80 7
10 29
86 11
60 79
95 52
48 97
95 62
7 73
39 97
76 14
90 39
95 45
59 82
8 7
50 21
87 16
29 34
21 87
88 21
52 32
9 91
60 37
28 0
82 56
77 34
68 74
98 8
32 0
12 23
48 21
14 60
58 19
91 95
55 93
53 75
67 51
38 68
39 28
80 40
49 94
52 59
66 15
46 90
38 2
33 43
77 52
47 13
68 85
34 84
41 73
68 70
85 71
76 10
53 90
12 91
44 45
98 33
87 66
18 21
50 60
47 14
33 64
27 1
87 19
81 66
88 34
9 0
77 53
46 64
97 67
40 64
30 13
4 57
97 10
78 58
64 8
56 69
37 51
86 65
90 16
30 94
73 97
4 47
36 16
69 46
7 95
64 39
86 1
90 72
18 32
98 64
96 2
28 1
63 94
93 71
59 35
44 30
32 74
75 77
70 40
91 48
62 33
23 2
32 4
51 25
40 9
38 14
20 36
13 43
62 71
1 18
87 4
73 80
86 94
61 94
3 47
85 24
3 24
73 65
35 34
14 0
85 23
62 23
0 31
98 41
46 75
51 2
18 98
28 53
85 11
14 51
18 27
16 26
98 5
65 88
65 18
35 83
68 64
89 53
75 3
5 90
54 80
25 34
8 53
91 77
29 39
14 8
72 49
88 99
4 93
25 58
40 2
78 34
28 12
83 9
20 71
6 55
6 38
87 48
49 64
66 2
43 21
90 73
7 18
85 85
61 13
66 48
12 19
30 58
1 62
47 18
23 72
62 84
85 80
84 98
17 58
78 90
12 93
61 81
27 75
18 64
70 30
60 88
52 10
7 46
59 13
53 72
97 56
19 60
12 74
91 79
89 38
11 86
73 19
84 32
84 38
13 16
80 77
57 50
37 19
77 27
9 15
53 40
11 10
0 68
27 71
44 90
43 24
68 34
48 77
96 66
81 45
44 87
85 70
44 33
98 23
18 42
77 86
63 16
16 11
82 33
51 16
87 17
64 20
46 8
24 82
11 42
80 56
19 95
58 55
68 78
71 98
42 22
91 31
17 62
57 81
56 85
22 88
41 41
68 96
71 39
94 13
13 61
95 56
44 96
46 35
10 69
98 19
4 72
94 45
59 41
70 79
37 41
71 83
96 1
50 91
58 24
83 62
60 61
6 71
54 28
50 43
79 79
68 83
54 96
83 37
59 32
93 72
52 44
43 73
18 22
18 5
53 99
57 64
77 51
24 43
95 28
19 86
3 89
43 17
37 50
66 42
19 68
82 48
71 8
21 47
76 79
93 36
25 28
39 56
25 50
2 91
44 31
63 43
54 91
22 19
7 70
6 37
91 83
40 45
27 85
69 24
1 66
55 66
90 6
89 64
25 26
31 84
16 46
87 75
36 30
58 76
75 85
61 97
63 69
94 6
88 35
70 65
14 53
50 62
9 44
74 56
21 2
63 40
98 51
25 70
41 82
27 86
79 2
86 55
91 35
21 67
45 57
26 42
29 95
37 6
19 87
93 75
23 80
82 66
15 3
55 36
79 30
76 32
85 94
91 97
66 10
85 59
39 67
27 6
50 58
22 29
97 77
99 68
48 71
40 15
7 31
25 79
75 83
47 81
71 26
77 20
47 27
42 30
84 44
99 39
50 35
66 25
19 13
58 90
10 89
68 60
42 86
10 26
12 59
99 47
31 35
