100
4950
28 99
12 84
13 50
70 38
10 69
90 90
30 85
4 58
94 66
50 40
4 65
50 47
72 30
46 98
1 64
4 71
84 48
48 11
64 80
55 8
40 54
18 12
68 19
5 48
20 88
40 48
0 96
2 84
8 77
80 0
36 75
27 62
96 0
40 68
76 90
58 8
84 19
36 40
56 10
28 44
80 90
30 60
40 86
78 58
74 40
88 28
92 64
17 36
90 76
57 73
50 54
92 20
46 28
42 56
36 81
20 85
43 20
44 34
34 80
18 66
15 56
0 74
60 99
83 48
49 68
4 84
44 80
56 52
4 75
0 72
48 88
24 80
80 8
65 32
52 0
80 92
88 0
88 25
61 56
20 30
50 12
75 60
74 4
16 52
17 36
38 78
10 40
92 22
20 0
54 41
20 87
61 20
9 46
96 73
20 0
84 11
14 25
40 76
50 98
10 0
44 5
0 88
50 64
15 14
98 32
38 50
24 0
42 88
2 82
52 20
44 0
63 6
41 12
50 76
36 92
9 80
48 48
76 78
77 56
92 80
58 10
11 75
60 80
26 4
0 53
29 52
36 86
48 85
12 3
8 64
15 30
63 75
94 72
82 96
0 20
94 60
75 76
44 77
43 0
15 40
68 8
90 87
89 80
96 36
16 76
2 47
24 78
52 32
47 34
28 4
14 26
52 96
72 67
45 35
50 70
67 30
80 0
28 90
50 52
45 72
41 26
84 20
44 58
75 65
23 36
75 92
84 71
43 25
40 2
8 36
38 90
95 2
70 38
45 96
48 30
8 0
92 76
51 82
38 84
54 40
46 4
68 79
11 27
12 78
30 28
86 4
90 75
78 10
35 79
12 80
48 70
20 0
10 48
25 44
49 68
63 20
50 3
84 24
88 38
52 79
50 72
74 50
27 18
18 37
72 81
59 66
40 82
44 12
62 38
40 46
33 78
20 80
80 68
20 73
78 82
92 85
48 50
75 32
87 32
44 12
50 40
10 0
44 0
60 40
88 56
20 92
96 90
52 80
33 45
23 80
52 90
95 16
5 42
32 95
68 3
80 80
26 26
99 94
36 20
36 94
48 89
18 32
40 22
40 24
40 0
38 2
4 60
32 16
47 5
28 80
93 6
79 37
48 26
52 32
26 56
80 0
88 4
32 20
34 94
91 63
0 70
40 6
29 76
40 70
80 10
6 0
50 85
58 35
68 70
56 33
56 69
36 86
35 26
63 90
70 4
50 0
48 50
22 30
79 56
36 13
89 45
76 20
44 58
80 39
40 44
66 12
18 0
28 41
3 35
0 44
2 50
40 21
20 32
55 3
69 60
62 14
17 92
90 86
88 52
4 20
69 23
0 20
96 98
66 23
95 57
20 0
15 10
92 72
0 92
50 4
0 24
34 4
0 76
68 40
16 12
33 50
20 82
30 78
48 86
65 26
40 82
18 8
75 60
34 88
78 84
40 99
80 16
77 2
25 84
20 60
4 34
90 16
92 10
0 83
40 83
44 68
16 64
4 20
20 60
10 70
81 68
74 12
33 19
36 78
54 40
85 56
0 39
31 2
20 28
60 80
62 70
48 58
0 84
7 30
36 30
0 52
68 78
99 55
24 50
82 44
6 66
50 40
20 4
40 53
17 36
32 20
71 21
8 51
70 65
46 78
10 28
91 36
93 96
8 17
60 12
72 99
40 75
0 50
40 66
50 80
42 58
77 23
24 10
90 30
85 40
47 20
85 90
0 67
75 44
12 80
82 15
25 15
0 92
58 28
66 84
40 2
80 20
96 38
88 28
12 84
38 8
52 36
68 50
25 48
54 40
96 66
40 6
8 95
60 18
0 4
66 48
4 20
2 68
30 42
0 97
67 31
90 48
58 23
56 58
45 9
30 74
39 90
38 72
17 76
23 70
67 78
90 12
48 48
50 92
30 20
59 72
50 94
44 56
50 2
68 40
0 23
44 30
68 60
32 84
95 60
75 80
0 94
66 43
56 44
46 20
34 4
67 14
90 65
51 63
80 16
36 0
46 76
0 53
68 65
12 88
9 60
58 21
76 73
54 68
55 88
60 15
95 57
95 36
56 13
45 30
68 10
76 72
88 82
42 60
88 80
20 4
25 12
1 40
56 68
73 84
52 89
90 36
15 37
28 80
94 72
25 60
1 15
78 30
13 20
44 39
75 8
27 54
21 32
20 84
64 48
95 27
11 24
62 88
15 88
35 19
64 9
50 90
46 18
0 23
71 75
64 70
70 64
62 68
4 21
28 0
44 46
67 41
21 70
52 0
20 34
56 59
52 12
40 0
50 56
75 5
20 40
60 68
20 81
20 57
90 0
60 46
0 88
20 48
42 66
90 37
18 35
15 76
8 85
66 83
86 74
18 77
49 84
36 90
2 29
90 75
0 76
74 15
62 73
36 88
78 95
60 72
0 72
65 8
52 80
4 25
25 35
8 90
21 22
10 84
51 50
72 1
0 80
28 0
36 28
32 90
36 79
90 40
32 80
94 9
16 14
26 27
29 90
20 64
89 31
83 74
90 88
81 37
36 72
30 88
98 31
30 44
76 12
0 76
68 40
51 68
44 0
42 95
88 32
29 21
2 40
4 57
20 28
5 85
32 19
47 94
5 8
84 20
70 95
48 74
80 0
39 88
80 90
36 35
83 44
85 20
63 90
4 12
50 44
84 0
98 80
80 60
80 48
40 35
52 0
96 51
8 90
88 40
10 25
95 0
72 75
16 98
78 3
30 83
27 90
22 86
12 20
40 10
0 25
54 76
80 42
30 75
48 38
56 36
96 96
16 43
72 4
18 15
80 35
25 9
36 40
19 94
4 30
28 49
99 0
52 52
12 12
50 10
60 90
20 45
49 64
56 0
56 52
50 49
52 72
11 55
72 50
50 52
47 50
74 33
42 10
74 88
50 68
46 10
60 20
23 98
60 75
66 60
60 0
84 65
20 40
0 30
56 44
30 60
82 73
13 80
18 62
99 42
88 80
50 93
0 48
25 4
64 30
80 90
66 38
74 46
70 84
40 49
71 80
56 67
50 16
25 80
80 8
53 60
62 60
50 42
60 0
70 20
90 8
93 82
42 28
59 80
25 35
12 65
36 97
94 36
16 20
0 70
65 20
29 75
44 25
25 64
4 44
36 88
10 0
14 10
96 0
64 41
20 25
6 20
36 14
40 84
55 30
25 60
94 48
61 98
12 68
96 88
51 76
48 16
87 28
80 80
62 54
26 20
75 76
39 92
40 39
39 80
22 12
20 0
75 49
6 16
89 68
99 8
11 58
40 90
31 0
86 75
10 44
92 16
38 55
30 0
18 80
24 60
50 16
0 42
84 2
41 35
66 78
26 6
51 60
16 68
80 64
9 48
64 45
92 51
70 3
90 65
2 80
10 50
6 83
68 70
54 60
8 21
88 20
76 45
52 15
22 32
71 37
63 34
85 0
2 89
40 40
0 75
60 36
44 88
36 28
20 20
92 54
54 30
55 77
30 23
69 60
36 61
50 8
60 49
86 12
48 73
14 30
98 90
50 16
69 10
30 95
74 48
6 86
2 50
95 52
92 54
50 52
16 2
40 0
81 50
0 54
76 92
52 44
40 13
14 2
19 92
30 36
32 83
88 79
26 45
55 68
60 92
2 32
73 68
52 72
42 8
50 20
30 36
92 23
2 12
50 22
14 4
48 70
70 68
83 50
44 16
24 76
45 91
34 82
66 56
0 24
46 88
60 13
40 25
20 97
66 96
40 84
42 0
40 56
52 57
50 43
18 50
58 47
48 62
40 28
76 51
0 72
35 41
76 63
34 20
52 88
20 60
92 40
72 47
92 76
38 55
29 88
88 96
90 38
7 65
56 52
74 65
5 76
32 18
95 20
46 80
92 31
63 80
38 85
96 28
44 40
71 24
44 0
80 24
64 52
40 25
49 12
53 40
8 84
94 68
45 57
8 39
4 98
84 4
89 68
20 10
75 37
20 16
0 70
4 60
87 60
24 80
78 12
16 12
90 80
88 68
11 45
86 65
76 4
14 86
20 0
85 56
0 48
30 95
92 88
75 38
97 56
94 29
64 80
36 46
15 80
27 28
87 36
80 65
0 82
73 55
11 36
80 68
85 30
20 82
75 0
12 44
54 60
96 20
50 89
54 48
36 25
15 80
4 77
44 48
24 46
49 70
22 38
50 28
48 92
28 6
7 30
80 40
12 9
80 75
78 80
29 54
80 67
60 42
68 36
14 88
74 18
57 4
80 19
72 30
20 49
70 65
4 30
20 75
17 5
33 69
50 74
21 56
92 14
28 60
15 73
24 29
90 74
56 34
48 94
72 62
46 46
64 46
16 48
63 56
18 60
96 54
75 60
86 97
90 0
6 20
26 55
25 12
13 8
35 51
92 50
58 45
48 90
58 25
44 25
47 33
35 31
75 20
55 0
60 30
44 50
44 25
40 65
60 32
20 50
6 20
22 87
0 48
91 52
46 87
10 40
10 75
16 72
40 0
88 66
17 47
40 75
76 20
39 37
60 75
80 78
28 26
45 65
97 6
72 80
28 6
6 59
13 21
56 76
48 75
10 0
50 75
61 34
88 15
0 41
12 97
64 16
42 73
12 91
64 86
20 60
59 5
29 85
4 40
0 49
60 52
29 48
10 88
20 94
72 92
52 26
14 65
64 90
0 27
51 95
16 70
44 32
78 76
97 82
24 28
72 68
48 38
36 20
38 82
60 40
54 84
69 9
30 76
80 56
84 91
78 59
22 73
83 21
80 96
66 40
68 90
80 0
0 32
20 4
56 45
94 8
92 32
72 82
31 80
3 46
68 94
92 40
10 13
88 94
84 35
48 92
44 28
18 28
65 46
60 45
50 54
36 81
7 36
70 56
92 73
70 0
59 36
72 0
74 61
32 70
90 78
50 96
0 68
50 20
36 6
8 68
98 96
67 21
30 60
63 90
20 80
97 97
90 18
60 96
40 0
24 57
56 98
96 64
50 84
44 0
55 60
32 0
72 48
95 16
56 40
26 13
20 20
40 44
76 16
90 80
83 0
52 58
21 74
16 27
72 52
11 39
80 40
49 84
60 90
0 45
64 62
44 94
18 91
20 90
2 26
57 0
4 64
10 4
75 92
20 64
82 28
33 82
92 10
52 60
8 90
32 4
20 90
96 32
26 57
64 86
60 97
24 38
16 56
64 40
5 4
43 26
80 16
90 3
72 94
24 52
46 60
38 25
96 96
12 76
48 74
59 5
60 24
15 24
95 10
64 50
2 44
20 49
76 34
80 26
16 64
88 55
16 94
30 40
4 92
96 13
40 88
4 10
30 68
18 4
20 63
0 20
82 35
64 96
80 66
20 69
60 81
56 64
20 27
20 8
0 77
64 84
8 78
72 10
21 56
36 90
21 30
22 75
34 50
10 80
8 23
60 84
80 66
53 71
40 52
44 80
29 85
0 68
0 85
6 10
92 15
4 25
98 0
25 0
52 34
92 80
64 70
89 26
30 77
34 36
0 0
24 96
20 96
80 40
44 18
68 9
66 10
56 74
45 90
56 31
26 95
30 24
1 13
60 75
60 90
75 78
85 40
78 17
51 32
60 32
94 8
40 30
24 73
78 68
0 91
4 81
35 53
50 60
75 27
54 12
82 92
84 56
80 92
73 72
70 49
52 20
72 40
25 34
76 96
33 91
0 48
20 42
14 56
84 66
99 49
0 92
60 48
8 10
7 20
60 4
48 28
33 0
10 53
20 28
73 8
94 97
75 30
65 20
56 56
20 76
24 54
70 8
80 0
9 60
56 12
39 23
56 72
68 50
62 28
75 85
11 4
83 17
84 76
0 16
50 96
60 36
78 42
0 60
69 34
74 5
20 4
20 46
32 8
44 80
68 28
72 96
24 40
6 56
52 80
85 50
36 58
54 84
90 60
14 30
86 14
50 24
14 0
90 80
29 10
4 80
56 8
80 61
40 48
36 42
80 20
39 85
63 57
99 94
40 40
50 50
40 60
96 32
8 58
12 84
50 60
70 55
0 85
75 95
11 47
64 78
56 24
10 70
2 36
68 45
80 69
8 25
46 56
78 0
64 15
1 70
0 0
30 22
9 80
80 29
60 30
16 60
55 19
17 28
33 60
94 8
4 36
90 6
36 34
0 44
69 81
78 68
40 30
88 0
60 52
55 33
38 64
70 96
10 22
77 76
52 63
59 26
76 88
50 78
46 78
41 82
0 98
18 90
5 32
25 96
14 30
68 46
63 26
28 96
96 49
0 36
32 68
41 50
0 0
84 41
63 0
38 24
15 98
57 21
7 0
68 31
64 81
39 48
22 86
54 0
80 42
76 50
64 92
0 74
36 38
82 59
56 30
16 24
40 0
92 72
0 55
95 32
0 50
10 65
12 64
18 0
50 22
20 68
4 80
47 73
11 0
51 20
89 99
18 58
0 90
50 44
88 41
87 48
38 20
18 24
20 52
34 0
95 24
52 69
40 0
44 51
29 52
23 44
90 24
59 40
70 24
5 16
60 46
64 10
39 2
40 50
44 62
72 13
0 84
76 20
4 80
88 47
57 86
80 8
64 70
45 72
80 67
83 60
38 7
15 75
40 25
63 59
0 40
56 4
9 91
50 23
39 98
57 36
49 68
66 60
42 66
40 24
93 17
39 12
39 99
92 92
14 10
98 50
48 0
46 35
8 28
6 37
50 76
86 60
96 25
80 80
48 45
86 88
88 59
24 44
28 80
50 84
64 4
66 29
44 50
30 4
25 88
40 98
40 32
53 85
45 19
0 65
50 61
28 64
12 91
40 50
19 15
24 6
96 24
54 66
40 22
10 20
68 23
76 20
74 62
59 5
50 65
70 0
91 24
50 30
84 56
84 68
57 92
90 91
10 53
74 4
90 16
90 52
8 0
47 64
62 48
85 80
40 12
69 18
85 65
89 0
77 55
45 14
15 51
2 14
92 44
96 4
95 0
52 50
44 88
99 40
81 47
25 6
48 92
45 36
93 94
16 90
62 36
37 37
75 46
90 34
12 88
54 64
23 52
6 81
76 36
76 60
41 0
8 84
20 66
8 80
2 10
20 92
4 25
20 43
10 39
20 72
30 0
80 70
32 60
14 8
2 36
26 52
88 80
44 32
46 10
77 90
8 5
88 87
46 60
32 98
92 62
8 51
84 20
20 11
50 29
0 60
22 5
35 4
13 8
56 54
56 29
28 65
5 80
12 36
49 50
28 16
16 22
54 80
98 20
64 14
0 8
72 53
92 44
98 80
36 94
3 73
36 0
75 40
24 0
40 0
74 80
40 10
70 18
37 32
90 72
77 65
69 15
2 12
32 70
76 25
96 76
32 68
0 20
8 52
74 91
25 68
24 40
9 63
44 60
80 28
80 70
95 6
0 40
80 0
89 16
94 3
22 45
72 60
40 88
10 52
15 19
40 72
78 28
84 34
88 9
50 64
86 74
26 60
52 48
10 70
76 5
96 87
60 32
24 1
55 0
8 10
69 40
18 8
29 6
14 20
37 6
16 15
36 62
45 0
80 60
86 40
96 71
14 31
34 5
80 10
90 50
54 75
90 45
28 33
20 84
20 20
88 2
20 26
8 36
13 96
80 4
66 60
38 0
92 0
67 64
52 75
46 54
76 15
78 36
63 76
20 47
46 50
36 28
85 21
22 78
0 0
70 64
40 60
59 40
80 50
76 40
92 94
98 8
59 90
90 0
25 22
72 68
85 1
0 12
52 60
20 64
32 95
2 25
36 24
36 16
0 46
0 72
84 39
75 20
90 50
69 90
18 40
66 4
34 13
56 33
95 96
81 2
4 50
73 26
26 68
80 72
0 36
25 40
0 64
71 5
0 50
64 98
8 50
23 56
0 92
48 54
10 48
20 4
65 0
44 0
42 91
30 35
20 50
96 84
0 98
84 2
55 29
32 12
0 45
72 78
78 85
50 36
18 72
24 20
64 12
29 25
70 93
36 8
35 5
32 87
4 66
73 25
97 70
10 60
38 84
40 4
58 8
60 48
44 24
4 10
30 80
0 27
37 84
85 0
46 38
76 82
20 52
10 46
34 16
41 18
0 40
82 8
16 25
24 49
94 99
78 92
12 80
4 24
96 7
87 50
17 30
40 14
80 44
84 15
90 64
80 56
70 44
36 9
63 32
40 60
50 0
54 0
56 56
50 37
81 11
0 82
56 30
6 56
47 88
84 76
72 52
80 52
32 38
30 52
97 38
16 92
56 85
35 20
93 80
74 41
18 84
80 28
52 0
60 64
84 26
92 24
18 80
80 11
20 10
70 64
15 60
17 0
73 20
8 40
76 82
52 40
65 26
10 4
20 55
28 1
50 34
52 73
85 0
77 17
62 36
2 52
30 18
12 36
88 48
16 96
23 14
68 46
60 66
33 99
90 44
76 96
8 86
80 0
60 86
82 92
86 88
96 17
14 37
27 33
60 64
8 24
92 0
13 84
81 82
80 84
7 20
50 32
51 88
80 88
22 58
26 80
69 42
79 0
39 88
60 54
86 4
18 82
4 96
40 89
16 50
90 65
72 0
90 0
25 31
28 20
20 42
76 62
48 28
10 56
56 16
64 87
66 18
50 86
64 85
48 47
17 73
0 60
98 0
91 48
78 29
2 38
84 0
25 76
43 8
26 64
86 79
18 84
35 74
92 42
24 11
94 88
0 90
20 72
40 13
0 43
82 30
62 40
20 47
42 44
70 60
30 40
77 70
38 84
74 48
28 0
8 63
74 88
45 16
4 66
11 70
8 4
66 0
50 80
24 47
62 11
51 65
83 60
72 8
65 72
48 28
24 38
72 40
23 98
79 0
32 10
64 92
80 96
70 37
38 50
88 0
34 76
69 63
68 99
46 80
34 36
44 26
60 48
72 0
85 0
65 33
80 75
92 56
78 48
17 70
82 0
64 55
65 4
80 4
35 9
76 80
96 0
20 20
60 50
92 35
80 22
5 96
96 18
23 38
52 48
92 68
93 93
96 24
60 36
14 86
20 44
48 68
24 16
75 0
50 52
6 56
50 0
85 70
75 12
34 58
45 36
70 79
19 88
90 12
50 16
28 28
35 84
65 40
70 28
50 58
60 20
12 56
77 90
40 95
28 92
14 15
75 5
51 48
35 96
64 15
86 82
96 30
20 90
36 17
30 50
87 46
30 18
68 53
27 10
53 90
84 10
60 90
85 45
8 16
60 68
66 92
74 52
36 24
31 63
66 60
6 38
84 72
34 88
80 38
62 79
16 84
48 60
0 95
40 72
17 41
4 55
58 26
0 24
35 85
85 4
90 64
76 56
40 66
96 84
34 35
32 42
61 66
18 82
42 60
26 80
0 50
40 50
35 9
90 46
68 56
59 37
60 88
2 82
90 38
84 80
54 60
48 60
87 57
1 94
90 24
0 98
65 96
26 74
72 25
36 28
28 40
59 57
73 68
34 94
76 22
0 40
60 0
78 98
85 80
69 38
69 20
92 54
75 36
40 85
54 92
68 78
28 20
91 84
50 0
7 10
4 98
5 92
42 40
75 75
53 95
8 80
16 40
76 88
35 80
68 0
22 96
82 40
16 92
40 16
10 88
36 24
97 15
80 68
14 0
2 0
37 60
60 61
22 74
11 64
82 8
94 70
24 80
90 62
68 9
70 54
60 52
7 45
66 0
2 70
66 50
48 92
0 0
23 80
36 77
28 98
78 10
4 80
24 6
0 36
30 40
4 18
40 26
61 76
80 62
0 6
50 54
24 25
17 72
68 13
25 66
36 10
68 44
50 75
9 5
30 85
51 8
23 97
52 56
52 0
26 26
48 30
72 30
8 38
76 52
60 75
88 72
60 72
90 28
79 20
5 36
35 20
36 70
85 6
87 93
67 96
97 35
62 28
72 4
24 11
41 50
88 38
29 42
68 55
66 90
25 50
28 72
46 66
63 10
80 75
92 75
56 33
85 2
15 46
91 30
19 40
95 0
28 30
47 94
39 0
66 4
10 88
96 24
40 68
9 68
83 40
92 30
12 36
10 40
12 0
36 64
2 16
41 6
40 80
76 92
40 97
56 5
30 28
28 12
52 32
45 60
80 76
32 76
50 60
95 4
70 66
21 88
60 40
9 70
91 2
41 80
52 67
5 80
94 93
15 76
20 47
40 4
94 90
64 82
70 42
0 99
60 96
60 62
80 44
29 66
0 23
46 16
68 26
70 20
89 78
0 15
51 47
50 35
82 65
78 15
36 50
0 76
16 80
96 34
6 0
20 70
16 34
36 96
82 72
4 98
20 92
0 12
5 90
50 98
36 62
68 98
36 98
44 20
82 34
10 68
50 53
53 80
94 38
70 92
15 67
90 8
38 20
20 44
54 92
60 12
68 40
98 58
25 14
84 40
8 12
84 0
21 58
48 60
37 61
12 40
30 10
88 92
10 75
40 85
31 25
87 86
22 73
28 8
68 77
0 39
96 48
56 50
9 96
9 94
35 55
32 77
44 68
75 59
50 56
8 81
95 8
40 33
76 6
0 96
0 16
66 84
38 17
88 66
12 0
55 55
8 86
92 88
58 13
16 35
59 0
99 74
0 50
86 15
72 82
20 81
44 95
30 96
60 20
8 18
12 95
8 56
0 86
15 60
35 36
90 2
75 25
50 34
92 40
80 20
40 50
68 49
94 83
58 54
10 15
8 40
75 16
89 29
20 88
6 57
88 93
28 12
96 0
92 47
12 0
86 44
16 0
40 28
20 76
80 26
14 48
94 0
80 97
85 90
62 64
0 80
92 55
20 29
72 56
31 16
87 72
94 72
89 62
6 57
80 2
84 10
0 32
69 94
30 12
68 48
80 85
60 60
7 90
70 25
68 3
65 0
5 21
60 16
82 10
49 48
44 52
81 8
50 62
54 46
30 40
90 96
89 40
35 70
86 5
53 94
15 0
18 80
50 55
3 40
68 84
16 5
40 83
46 38
36 72
7 20
60 98
48 18
70 24
11 88
65 52
8 50
64 52
84 74
47 66
40 25
20 98
20 28
56 93
24 60
8 60
66 84
40 28
77 31
20 20
22 50
57 90
61 92
40 52
74 72
11 16
8 35
61 80
76 88
24 83
14 48
98 77
52 78
0 84
3 24
44 20
90 35
72 47
44 20
84 54
40 72
56 75
44 50
66 83
12 0
97 14
50 86
64 24
95 40
84 59
44 63
39 66
22 88
69 60
56 24
0 20
81 50
55 16
5 0
12 38
22 4
94 20
48 83
69 59
8 68
80 88
33 68
40 92
46 67
50 46
48 45
87 85
40 80
64 49
34 10
32 50
87 33
43 2
79 50
88 66
38 18
16 40
33 35
70 96
70 61
96 56
0 10
90 88
30 95
75 40
44 89
53 92
68 12
45 96
17 85
56 80
61 84
96 0
40 45
93 42
98 92
36 80
66 88
93 28
50 33
37 4
20 8
88 0
63 8
14 42
87 73
84 62
63 16
36 66
66 90
40 59
0 2
40 28
38 25
80 90
72 91
3 16
52 60
20 47
40 11
32 52
79 20
90 0
42 40
73 52
0 99
48 8
14 72
64 0
0 50
24 75
88 10
43 60
67 64
52 24
14 50
50 64
35 80
18 70
35 85
73 52
81 24
64 24
44 96
91 71
4 92
80 26
48 72
75 87
25 90
57 86
20 32
53 68
20 0
75 33
20 16
57 44
75 88
83 0
12 33
50 38
25 38
10 18
37 48
68 80
4 82
20 32
20 56
8 20
95 5
0 72
55 64
88 60
8 4
24 16
0 0
8 76
98 11
52 61
36 32
38 52
0 80
52 90
42 62
72 0
46 67
36 67
26 40
20 88
49 52
0 18
40 90
25 11
54 0
90 0
94 46
60 4
24 60
90 66
25 76
14 70
38 65
0 14
80 0
16 50
21 68
67 93
40 42
80 77
60 72
40 38
18 10
67 10
32 67
96 88
70 82
68 60
50 89
50 76
46 30
84 50
0 40
90 28
75 12
0 96
60 48
54 71
40 80
58 59
42 40
70 36
80 13
14 72
40 1
40 62
91 83
89 36
18 93
58 21
40 12
52 74
84 60
0 86
30 44
40 88
3 80
92 49
95 8
55 17
96 84
80 4
64 0
88 48
24 21
19 55
37 28
94 92
84 32
24 64
20 76
4 18
24 64
98 0
4 16
88 20
9 13
0 62
72 29
64 36
69 72
6 68
98 37
70 0
40 10
48 44
75 8
19 70
0 25
56 67
28 0
76 50
56 0
52 37
50 62
68 94
91 40
37 45
96 38
74 45
31 50
80 24
72 0
30 30
86 75
62 20
12 88
70 86
32 65
96 16
62 16
55 45
56 2
84 70
6 95
23 0
2 20
72 92
54 29
26 23
1 0
76 19
4 28
63 61
39 34
60 87
60 20
30 88
85 76
5 60
6 77
8 56
85 90
37 74
88 18
12 30
52 2
65 80
38 72
80 44
60 93
66 34
16 20
46 31
9 68
36 50
87 12
8 75
55 0
31 30
36 92
12 0
70 60
48 21
88 70
82 44
96 6
32 76
35 26
31 86
0 48
50 44
0 60
96 40
69 95
71 36
94 77
60 24
25 46
59 32
49 50
65 55
58 66
46 58
88 15
42 4
26 28
42 68
40 86
44 6
56 98
92 8
53 6
36 24
20 72
84 48
50 86
70 64
0 80
14 92
93 70
60 70
68 60
34 58
88 6
26 68
55 2
70 27
97 55
52 68
19 1
16 13
56 93
75 8
72 25
60 66
5 81
68 0
45 40
66 39
31 66
13 50
31 32
94 51
84 50
60 25
81 67
0 0
80 95
60 26
48 60
40 73
52 82
89 57
95 89
52 99
44 86
4 88
92 25
45 64
46 92
15 34
70 20
80 64
50 54
24 60
36 46
4 84
6 92
36 0
64 0
84 40
24 94
77 92
44 84
40 97
36 32
2 25
84 46
32 56
7 12
76 40
4 4
41 23
12 0
22 4
65 91
30 42
11 66
8 76
30 48
76 0
47 88
5 50
22 72
93 74
11 62
38 57
2 17
28 70
5 60
80 36
40 80
0 28
16 25
25 48
90 11
96 80
68 57
80 59
58 77
74 95
20 23
0 76
84 76
70 76
75 74
32 85
60 84
56 64
74 95
40 98
12 24
64 91
96 12
84 52
92 72
35 87
11 58
84 75
85 46
76 50
24 95
62 91
50 90
78 16
50 43
13 36
41 10
88 60
8 20
8 40
6 7
36 80
76 36
50 0
72 38
48 72
72 74
35 70
20 84
80 0
36 55
62 99
45 53
75 20
94 4
60 57
80 18
32 70
80 0
30 12
64 24
62 98
89 53
70 93
12 72
35 94
20 0
74 62
34 8
65 76
25 28
68 64
32 90
28 0
4 30
26 52
96 42
95 53
97 47
74 57
7 50
2 64
50 60
70 0
64 48
44 10
63 70
47 68
80 40
28 22
64 85
36 50
65 50
24 40
58 76
27 44
68 84
93 56
65 40
92 0
10 28
80 0
42 56
80 0
1 60
68 80
38 29
64 28
74 66
14 67
47 80
80 80
84 96
52 31
76 88
46 74
32 15
60 40
22 20
49 22
30 80
38 60
1 92
76 90
52 4
32 90
74 10
65 12
40 25
5 60
41 56
31 66
32 50
33 80
59 60
12 92
32 95
82 88
89 85
40 21
45 28
40 68
40 75
46 76
74 40
54 64
60 65
8 85
84 66
58 20
25 48
32 28
25 18
6 34
58 20
80 4
62 27
12 42
80 98
72 40
70 48
86 75
85 84
36 90
30 0
28 50
54 76
8 32
30 54
81 78
15 5
52 56
15 12
44 20
80 98
84 58
72 36
16 2
12 36
16 9
44 40
84 95
83 55
60 55
86 30
60 28
0 76
80 76
75 0
72 66
90 0
60 52
24 88
44 68
25 4
40 64
34 52
52 67
94 75
84 52
45 29
0 80
80 50
12 85
0 50
22 17
13 67
16 56
60 95
4 72
51 0
51 20
68 76
3 30
14 48
15 18
80 59
60 22
2 24
69 28
67 35
4 0
84 33
46 36
12 36
16 74
50 15
80 16
84 65
47 22
5 3
64 16
96 39
49 36
48 46
80 76
4 20
58 75
11 96
25 35
74 34
15 4
49 0
18 40
28 28
32 70
40 6
17 53
4 20
40 80
96 21
11 50
60 0
18 70
90 91
52 0
84 0
26 0
96 84
68 74
16 90
48 82
70 40
28 9
15 36
20 64
0 0
97 25
12 10
72 16
72 55
65 80
60 88
37 56
52 54
20 43
8 70
80 83
92 78
20 10
52 55
56 28
69 80
34 70
12 11
6 70
32 92
96 62
46 31
40 13
72 94
67 80
0 74
99 78
72 74
24 5
92 24
1 41
30 67
8 88
78 70
32 44
40 52
95 95
2 75
50 95
0 53
18 10
4 40
14 96
80 48
40 2
8 0
90 96
28 30
25 94
40 36
20 99
60 12
34 18
48 27
15 65
28 32
32 62
54 75
34 84
4 0
5 12
76 15
0 0
21 0
25 98
68 96
70 33
14 79
36 18
62 0
35 9
8 28
24 16
31 31
0 93
85 45
40 53
58 68
18 70
92 92
84 35
12 71
8 28
20 53
52 80
4 94
68 37
47 69
60 65
0 64
50 50
28 24
72 64
65 10
88 15
55 40
44 67
18 6
85 75
18 4
0 75
40 96
50 96
22 20
0 84
32 16
15 86
48 86
12 0
64 85
54 65
71 28
70 96
65 98
20 95
96 19
77 68
72 22
0 92
88 32
9 32
83 49
96 66
21 20
49 55
20 45
4 65
50 80
50 96
0 44
20 8
50 47
84 26
14 56
68 26
36 19
7 32
41 5
73 80
0 68
74 75
89 40
37 62
72 57
50 20
76 35
76 34
36 28
40 45
22 32
33 0
87 56
33 26
20 60
54 80
20 57
20 20
8 15
40 18
89 36
35 19
20 31
70 12
74 20
88 44
40 8
35 16
75 47
50 39
22 22
40 7
82 70
74 85
88 64
98 69
22 0
20 17
96 64
94 63
20 56
58 71
96 54
38 3
48 80
56 92
8 96
40 23
47 88
48 26
69 90
24 94
78 60
31 35
1 37
67 25
60 20
90 6
20 14
0 92
30 98
30 80
54 40
40 92
16 80
10 40
96 0
32 18
70 0
32 35
24 64
0 20
70 93
36 80
72 25
92 22
84 40
56 50
5 74
38 40
70 7
96 80
31 4
96 69
2 16
99 79
83 0
60 19
25 6
82 94
14 34
92 64
42 92
88 32
76 1
24 60
16 28
14 60
2 80
30 40
60 20
36 54
60 34
52 47
84 34
86 0
12 10
28 42
80 88
92 38
0 76
64 25
64 90
24 60
79 35
83 67
69 0
20 75
50 44
6 16
76 12
81 80
20 55
96 18
70 25
90 17
75 0
0 71
56 70
68 68
76 85
0 55
44 18
97 78
48 64
48 95
80 44
15 72
87 37
6 58
0 60
60 93
70 81
62 32
5 40
12 0
26 53
72 20
15 60
52 74
2 99
52 64
16 0
84 92
34 77
92 30
74 90
86 52
65 35
50 74
2 22
52 68
54 8
0 24
50 65
20 0
84 64
64 39
36 20
68 96
60 50
76 40
4 60
11 96
76 38
46 40
28 65
84 30
24 89
59 5
40 23
44 60
96 93
56 41
35 0
60 44
6 56
0 0
36 96
3 62
0 2
12 41
0 97
24 7
38 26
86 88
77 11
92 60
53 44
44 91
86 72
60 55
99 92
78 4
80 86
20 20
0 60
32 0
88 46
46 57
76 39
31 24
60 4
33 50
0 72
60 91
77 10
27 42
92 40
52 39
68 12
5 40
15 32
53 96
91 83
60 0
90 91
20 48
8 50
81 63
68 92
6 11
68 0
14 9
64 16
15 22
28 80
16 30
36 86
55 88
16 40
28 78
68 40
31 18
96 19
84 16
82 92
52 16
60 32
52 24
50 20
82 2
11 8
80 10
4 16
43 52
20 10
78 0
29 75
64 25
64 90
90 76
80 40
14 35
0 82
48 0
87 48
0 83
58 36
32 60
4 44
24 6
64 24
0 80
14 8
95 60
52 82
0 13
47 79
70 28
27 57
18 40
80 40
50 0
45 28
40 84
90 96
88 92
52 64
46 28
50 30
85 16
95 0
78 96
12 8
68 3
76 70
72 56
8 0
32 84
44 80
18 55
84 5
68 99
37 40
64 55
40 75
87 30
41 64
52 32
20 80
40 65
84 20
39 90
64 25
97 10
0 50
68 28
26 10
61 8
44 70
70 20
50 16
99 92
39 89
28 14
58 72
4 95
50 86
74 42
83 50
25 12
56 42
95 45
20 6
98 42
24 26
46 50
27 89
23 76
20 73
64 45
0 96
93 83
40 9
16 10
70 67
6 29
26 25
18 83
53 22
64 50
89 20
95 20
59 41
0 38
20 96
16 4
75 36
68 15
32 98
92 64
40 26
38 80
43 90
80 0
4 12
78 26
84 35
4 68
63 97
0 36
55 17
60 38
62 30
22 80
45 92
44 94
88 68
59 78
64 20
90 12
56 15
60 83
97 20
0 70
20 34
0 4
64 24
28 78
15 76
12 35
7 84
7 2
67 32
26 64
12 36
72 55
84 80
90 70
50 55
64 80
88 19
27 48
72 21
32 90
44 4
16 0
67 25
14 56
10 10
50 30
80 50
37 94
28 38
59 73
75 28
56 88
72 8
97 86
45 36
72 60
38 32
30 91
92 64
97 12
48 97
20 5
7 92
77 50
35 48
93 0
46 16
64 68
30 70
62 0
18 0
86 20
50 62
99 9
0 60
0 54
46 60
22 25
96 47
28 25
36 77
54 89
68 26
45 68
20 88
95 32
84 28
61 88
0 12
60 51
3 36
20 0
75 52
20 33
28 52
97 74
92 94
94 82
25 24
70 24
56 24
30 27
32 40
58 36
88 46
98 31
6 37
11 60
96 82
35 64
30 67
4 97
36 96
94 90
86 71
63 49
96 10
0 89
64 77
24 93
53 67
36 43
87 0
16 30
60 50
68 90
6 49
98 67
74 15
97 30
10 80
36 20
40 79
0 6
41 40
65 24
86 88
20 60
2 49
48 0
50 0
30 16
50 26
50 10
30 64
72 32
91 28
56 0
21 26
90 80
80 95
54 47
60 56
16 55
23 0
70 28
91 68
52 10
56 72
80 93
25 35
58 64
60 56
24 25
4 21
60 56
60 43
60 64
90 90
40 76
64 65
60 56
88 56
89 94
72 16
30 56
32 5
30 56
52 26
80 40
56 64
28 0
60 22
45 68
73 11
56 55
2 60
40 16
76 18
99 63
86 2
7 80
50 10
18 79
64 0
60 76
90 69
34 0
67 64
24 84
89 64
82 13
50 37
28 40
60 84
54 22
78 33
40 55
44 76
75 72
53 83
5 44
8 92
58 79
25 28
80 34
0 96
68 31
39 23
32 49
3 38
10 56
53 98
18 30
25 80
83 24
52 45
82 92
43 71
44 45
52 58
30 70
63 4
34 31
20 45
80 50
10 0
24 30
92 56
28 50
32 75
52 12
50 0
15 75
3 10
2 46
56 40
74 86
44 59
6 55
38 41
84 75
20 99
48 99
29 20
92 66
46 56
0 96
69 28
40 31
55 48
5 35
60 50
44 88
88 20
44 20
76 36
78 96
68 85
56 20
12 0
4 60
19 6
80 63
28 53
84 95
68 39
56 27
10 97
26 0
44 40
2 75
70 40
72 56
35 98
61 56
53 90
88 40
8 36
35 44
20 75
48 78
29 20
12 75
24 16
31 10
60 12
8 40
10 45
57 56
10 75
4 92
96 40
0 12
20 32
84 45
0 50
20 25
22 40
70 34
19 96
7 43
30 87
68 75
30 20
25 80
6 95
32 40
25 17
20 15
60 2
72 56
66 30
52 0
16 15
5 93
58 88
47 25
46 48
90 45
60 80
45 89
70 0
88 0
51 92
0 54
9 0
96 45
16 26
37 70
30 10
0 66
86 44
16 5
68 0
92 3
88 55
92 52
91 60
83 24
28 75
32 82
0 1
4 88
75 44
72 80
84 93
90 60
44 48
20 10
70 22
45 27
28 72
58 58
28 90
18 51
13 49
72 51
74 8
75 4
24 82
3 44
48 85
72 36
82 16
60 10
70 15
48 35
53 77
36 72
10 76
12 72
10 18
60 73
30 68
42 60
32 21
52 90
32 56
85 16
52 82
26 89
68 18
40 32
95 60
74 65
50 30
33 5
24 16
10 12
4 74
5 72
98 0
80 61
42 12
88 70
0 26
25 34
1 20
28 19
0 88
60 31
63 81
40 20
90 60
47 32
12 96
12 80
93 28
22 55
4 39
74 70
40 26
50 0
14 94
50 88
45 30
84 36
72 54
40 42
28 92
68 72
0 44
20 76
80 80
64 30
40 90
42 70
90 45
56 70
12 2
6 91
57 64
72 13
2 40
58 38
60 68
40 10
44 79
84 55
96 94
40 70
12 40
61 71
64 51
72 52
18 66
91 30
56 40
56 49
33 40
59 32
0 15
48 85
67 79
62 4
44 28
1 87
18 72
66 40
22 47
67 14
48 20
64 63
68 35
59 4
95 89
42 87
63 72
88 92
48 30
8 10
68 5
36 93
11 20
54 28
8 50
73 34
56 4
48 30
84 80
24 90
95 84
30 48
70 91
92 16
65 32
10 70
26 90
96 10
55 84
60 60
20 42
13 0
62 12
0 55
41 97
50 38
6 92
47 8
92 37
61 59
50 82
92 74
68 44
60 50
52 24
70 72
12 39
86 10
33 77
78 14
12 80
35 66
48 3
8 39
77 59
43 88
74 37
62 6
40 18
48 0
50 36
48 92
6 78
54 80
15 40
16 87
66 68
60 72
59 48
28 38
95 83
37 72
94 14
44 33
0 20
22 58
5 25
70 84
80 88
48 35
11 20
92 26
12 66
50 76
48 61
55 4
52 55
0 92
47 18
84 49
82 59
60 20
84 88
8 80
30 4
10 25
23 26
80 35
84 96
48 48
70 8
77 93
70 26
32 60
3 64
76 12
9 19
16 3
46 30
96 60
14 18
50 56
0 96
56 52
81 84
9 90
49 12
0 60
14 50
60 84
8 52
76 45
50 60
44 12
56 50
88 98
21 17
20 67
55 57
56 43
68 50
52 40
15 40
14 57
16 66
36 14
30 40
84 50
8 75
20 82
28 39
66 80
32 93
24 51
30 19
96 68
87 20
8 51
15 31
65 4
26 88
20 40
86 85
89 58
37 96
0 64
16 48
30 45
34 88
43 0
0 96
46 51
0 82
14 12
38 40
52 36
98 70
55 40
88 50
35 90
60 61
0 0
97 60
92 24
60 4
16 67
22 81
12 28
52 32
76 38
96 44
76 8
18 29
48 20
36 36
86 66
74 16
79 95
8 23
3 70
87 68
80 46
36 73
18 63
16 50
94 30
31 66
0 17
52 66
6 16
17 29
12 36
55 30
78 20
52 96
60 2
4 45
66 24
52 96
18 80
4 86
7 19
72 92
72 75
58 50
28 67
45 35
14 48
91 20
37 30
80 90
8 50
32 96
0 60
85 29
12 8
84 46
10 15
50 60
20 10
72 10
0 20
52 88
82 35
39 28
92 84
38 38
80 56
38 38
49 19
8 8
80 50
94 60
16 8
73 85
84 56
28 40
15 80
96 46
33 0
78 97
20 92
12 16
28 7
40 60
32 32
22 37
36 51
80 0
63 60
99 36
80 8
12 51
40 70
92 86
36 52
85 48
8 55
0 57
88 9
12 62
48 8
75 11
89 14
18 43
2 11
75 58
80 20
52 36
97 66
76 4
88 76
0 4
76 6
83 29
25 50
85 97
40 16
70 89
12 32
54 92
45 36
30 84
38 67
56 0
22 20
92 32
76 32
82 40
60 56
68 36
20 56
64 76
65 40
60 17
2 38
50 20
83 0
4 10
8 56
79 0
62 85
60 60
80 88
75 68
15 80
4 70
31 52
98 15
63 69
40 17
76 95
76 33
0 5
55 0
80 50
36 80
62 24
63 68
21 69
64 45
69 74
65 91
36 75
71 66
72 56
4 76
92 30
10 63
12 10
92 76
70 38
85 81
50 25
28 46
67 25
84 64
37 84
86 44
60 64
92 74
90 4
80 13
94 60
66 23
98 63
46 44
18 36
39 58
50 36
52 65
57 72
16 72
0 60
24 60
94 25
4 92
90 32
16 52
19 36
44 20
50 60
61 15
21 44
54 12
86 36
60 0
32 89
77 80
40 90
68 20
48 60
24 56
80 50
40 32
60 67
32 60
70 64
70 36
73 48
98 92
71 4
38 0
0 64
76 43
85 90
0 20
68 16
14 80
71 85
0 4
46 28
80 46
13 40
47 29
68 63
58 22
88 68
28 30
92 3
32 14
64 19
0 50
57 20
0 76
26 8
92 17
80 72
46 92
40 93
50 28
21 24
95 62
16 60
24 60
77 48
26 30
28 63
93 92
84 50
44 72
14 56
0 84
20 48
20 36
12 0
80 24
0 1
8 91
95 95
94 15
90 80
94 68
51 68
14 58
96 60
57 57
98 2
96 0
0 63
90 9
0 80
60 14
0 72
0 54
44 90
44 78
4 60
24 0
5 10
72 93
73 89
32 44
11 25
20 46
0 60
60 0
55 90
86 18
4 12
56 19
13 70
80 80
48 60
76 24
17 9
30 56
10 4
40 40
15 54
64 85
56 60
68 35
51 44
10 75
92 56
83 92
81 48
76 14
44 52
10 37
28 98
80 20
22 87
74 42
40 34
68 50
78 90
35 0
18 60
56 84
10 18
61 60
60 68
11 85
23 12
60 81
22 60
29 40
34 60
0 20
88 56
25 64
92 55
76 36
56 99
18 27
62 91
52 88
73 53
14 61
15 42
55 84
57 40
26 59
25 80
95 64
10 20
26 38
70 46
9 82
88 64
0 52
79 90
70 64
82 24
72 92
8 12
40 35
64 94
58 50
18 40
35 12
48 65
92 80
90 12
40 50
33 65
50 83
8 56
0 10
90 36
95 15
52 10
59 42
4 94
4 36
48 41
92 96
28 64
33 30
16 30
40 36
40 40
56 69
73 96
50 1
80 24
25 60
30 94
60 60
38 40
58 87
30 12
95 50
6 79
76 68
98 19
70 44
94 36
40 56
0 64
49 98
44 0
46 47
15 45
28 25
33 91
25 28
57 80
30 36
80 96
55 48
80 30
92 44
0 74
40 15
85 44
64 88
52 7
19 57
6 97
70 2
52 8
60 40
0 33
90 13
76 8
35 32
92 84
44 14
66 50
70 30
19 40
0 70
75 80
10 0
90 82
80 64
84 4
0 22
0 16
60 71
44 16
0 90
22 0
82 60
96 80
38 12
58 30
62 80
90 4
70 20
92 20
52 72
32 95
4 46
68 72
32 51
91 84
55 27
88 27
20 86
88 86
78 6
28 12
25 0
70 68
21 32
34 75
64 70
25 58
18 9
37 2
0 4
14 28
48 8
69 40
40 18
97 60
30 88
60 72
0 80
85 60
0 55
31 99
80 60
90 97
20 17
60 29
25 46
74 54
90 60
68 4
34 72
52 0
6 50
38 93
97 16
76 88
53 30
92 26
4 75
88 25
53 76
0 34
0 87
20 88
0 38
20 52
45 80
93 20
42 28
0 28
0 62
20 17
27 54
85 86
60 34
32 62
12 12
5 48
84 30
54 48
78 55
4 67
94 90
63 42
20 53
9 85
97 0
40 49
93 18
20 28
36 6
97 5
56 83
90 32
15 18
60 48
42 62
70 64
23 88
10 8
94 80
51 35
52 0
30 20
13 44
4 12
52 5
38 70
76 50
68 76
64 88
6 66
78 88
50 80
10 48
24 68
18 34
80 40
45 86
40 8
90 12
80 30
84 13
44 19
27 80
92 12
0 48
20 8
0 56
75 50
0 16
80 36
0 32
0 50
79 8
50 94
56 64
0 84
0 0
82 25
77 64
34 95
20 77
29 96
64 95
80 23
35 52
20 20
70 65
50 0
90 64
35 86
58 9
38 68
88 60
65 70
76 68
50 69
26 65
20 0
22 54
52 62
0 36
82 4
84 92
