100
4950
42 5
33 40
80 27
72 56
12 21
7 80
88 8
24 28
60 6
28 19
0 13
80 56
8 42
50 54
71 78
6 12
31 68
28 16
84 12
32 60
20 80
64 16
36 68
76 36
16 82
18 18
85 24
56 18
70 85
88 44
10 8
20 70
6 66
96 0
62 52
8 48
60 12
46 70
35 70
36 46
58 81
72 4
10 50
3 28
95 55
0 16
64 60
74 92
84 36
30 78
78 6
14 34
33 95
40 12
40 0
5 30
31 80
1 0
0 44
80 44
42 88
40 40
84 28
56 44
65 72
68 46
40 58
92 58
41 31
52 36
60 78
36 38
72 38
80 76
10 52
38 20
20 28
98 0
40 98
84 72
31 80
98 68
95 54
59 10
36 55
56 16
72 88
60 79
34 89
56 5
9 85
50 60
68 74
44 19
98 82
37 6
94 56
27 0
8 98
75 60
0 84
10 0
0 80
10 60
14 78
44 40
82 40
91 36
67 55
98 42
25 8
98 12
20 15
32 64
45 52
4 0
86 72
80 66
30 0
63 10
42 55
88 20
76 3
12 32
96 44
20 0
12 30
87 8
52 18
55 40
43 22
60 81
99 22
80 70
60 74
76 50
68 91
61 32
8 32
12 30
28 92
4 92
19 0
56 75
80 96
25 29
70 42
12 67
56 84
23 48
64 1
60 63
20 8
20 93
80 78
68 36
68 0
64 21
38 70
12 64
17 93
60 12
60 84
85 0
80 35
57 28
40 40
51 0
50 62
67 95
12 68
56 2
11 55
35 79
36 80
60 46
20 95
30 17
28 74
40 84
60 20
55 12
10 23
8 23
17 5
80 64
60 30
15 78
40 2
88 88
6 26
76 60
36 84
36 66
58 4
50 88
96 66
80 18
40 94
2 53
50 80
50 6
77 42
26 92
4 0
89 21
37 92
50 78
86 96
8 0
24 23
16 80
0 4
30 20
89 3
86 75
95 64
80 0
34 20
21 60
74 4
84 68
25 64
14 25
24 94
73 50
17 26
88 73
35 65
68 0
28 57
76 91
40 24
72 20
67 33
52 20
63 50
12 8
40 24
20 57
16 0
44 20
48 76
40 38
80 60
4 54
81 94
97 75
80 0
22 63
27 60
76 85
54 0
80 67
60 64
60 60
4 98
42 50
65 88
93 0
80 15
76 8
60 22
73 8
82 16
60 82
4 60
72 16
48 0
0 44
72 56
49 72
80 64
26 3
59 15
36 78
10 86
69 95
60 20
80 2
5 57
98 59
43 6
0 30
74 15
20 50
81 83
60 11
70 94
28 66
58 97
56 40
14 32
96 53
80 8
14 32
70 86
61 33
52 22
96 12
20 84
23 88
19 92
64 35
99 84
60 34
85 48
45 69
93 24
36 36
40 80
14 79
52 35
20 79
3 24
15 40
90 61
96 78
98 77
12 88
8 70
52 48
80 92
51 79
5 96
90 27
40 75
52 97
5 28
72 95
61 34
48 70
36 45
37 28
53 68
46 18
60 36
5 48
18 16
2 85
70 6
22 79
91 72
88 20
4 50
24 58
87 0
21 3
44 36
20 6
33 88
11 20
52 0
66 3
47 64
58 62
36 18
90 60
60 80
8 27
2 1
40 80
0 0
16 20
38 80
48 20
96 60
30 40
90 40
47 52
35 61
44 10
0 79
53 66
44 90
96 39
52 1
88 60
38 92
96 6
56 80
74 84
40 80
93 47
6 44
85 34
6 0
50 6
75 44
88 8
88 92
78 64
12 32
68 8
40 71
0 20
96 77
80 7
50 60
10 48
17 64
20 30
60 16
79 57
70 51
20 39
22 90
0 62
83 90
82 72
14 18
10 44
56 75
44 80
0 43
8 20
40 35
24 4
80 35
8 0
74 29
97 25
58 10
90 20
71 90
90 98
0 3
14 44
32 36
55 80
96 20
20 50
21 30
26 91
0 46
0 70
36 4
0 52
74 71
30 44
36 0
46 93
50 80
92 84
96 94
0 97
42 25
99 49
71 73
26 22
36 60
10 50
56 96
43 51
11 36
20 22
19 63
69 60
72 40
64 64
4 13
93 17
20 56
3 79
50 39
42 8
75 96
5 50
98 8
80 43
0 87
76 8
16 89
91 32
64 42
70 98
26 45
40 73
44 44
20 0
81 78
19 56
30 9
4 43
3 52
74 80
60 25
20 68
11 47
27 50
96 70
94 52
42 30
16 62
0 96
80 72
16 8
22 34
40 86
10 35
90 77
72 50
90 52
50 20
96 34
30 12
46 60
90 30
86 11
38 75
59 40
68 84
0 66
35 44
7 31
18 56
16 34
20 80
45 28
50 24
18 10
82 74
60 57
40 90
96 50
16 60
60 4
19 30
76 27
29 85
50 84
72 20
51 16
21 79
74 24
64 61
0 0
7 66
76 50
0 4
10 0
3 28
14 47
37 44
72 8
14 3
52 80
15 48
20 0
98 89
76 22
63 46
44 96
86 18
42 12
6 14
20 0
27 0
26 16
50 2
80 4
35 41
90 52
72 71
29 0
22 47
25 28
84 28
10 50
24 16
45 30
50 0
34 0
0 0
91 45
56 40
86 28
27 45
92 76
44 88
56 80
32 35
52 75
71 80
0 9
60 18
90 89
15 80
0 70
12 68
23 36
0 40
91 23
88 25
80 24
12 12
20 40
4 75
18 80
90 57
20 80
90 76
0 13
16 10
72 25
47 84
50 60
10 6
67 97
68 70
5 95
36 20
80 10
8 36
65 10
67 78
96 50
33 37
40 14
50 64
42 0
38 67
4 68
29 15
2 32
28 25
24 92
41 96
10 96
96 7
60 20
22 0
40 48
93 32
14 7
8 37
8 55
50 54
10 12
94 0
70 46
44 0
28 17
60 63
71 77
10 68
82 50
56 50
62 20
56 63
37 80
71 40
8 70
52 66
84 68
20 30
40 50
32 58
47 44
26 74
4 28
68 75
27 56
60 9
68 89
60 68
90 20
50 40
56 90
15 54
90 39
67 33
76 86
25 54
96 80
32 85
20 90
50 97
43 60
68 96
48 40
68 40
67 12
82 96
24 0
8 48
53 0
33 0
44 5
72 44
50 80
59 12
4 16
70 10
68 23
30 56
13 30
45 82
20 60
12 30
52 54
56 28
0 21
13 56
40 60
48 90
4 35
17 16
90 59
7 80
69 20
25 75
38 90
56 52
28 24
15 6
92 20
12 80
19 40
0 32
76 46
60 67
77 15
30 16
80 91
71 71
36 63
80 13
87 51
70 13
88 66
68 79
86 64
83 49
36 68
56 75
44 6
40 15
40 40
15 26
79 40
44 90
66 92
62 52
60 21
92 40
92 30
28 60
90 80
85 88
88 14
2 4
72 93
75 62
4 52
92 52
60 68
7 28
26 85
52 40
99 78
50 32
68 86
78 24
62 96
8 10
90 72
44 24
70 41
28 41
16 6
47 30
40 0
68 24
96 26
0 82
88 84
61 20
25 36
75 4
64 32
7 90
9 84
36 99
50 33
28 80
40 66
76 40
79 20
50 62
44 54
52 56
25 54
68 94
96 20
58 98
30 60
7 80
0 23
48 30
56 16
90 40
0 12
94 90
58 82
12 24
41 0
56 54
68 0
83 52
8 17
12 80
60 0
24 89
92 12
84 13
3 53
46 20
52 85
0 32
73 89
40 94
86 68
46 40
82 0
10 78
42 70
38 4
50 16
8 75
28 9
92 95
38 20
65 76
15 46
80 92
30 53
54 24
28 95
80 34
85 59
66 50
26 16
67 20
44 84
64 50
88 40
40 25
12 57
24 36
18 41
44 32
54 32
72 10
24 9
76 40
46 85
40 42
68 70
18 48
0 71
67 56
16 20
29 70
20 75
36 12
12 60
8 20
92 5
85 7
15 96
61 26
40 67
72 40
60 6
0 96
50 30
33 7
35 86
60 28
96 80
10 63
64 14
22 88
12 64
64 84
77 60
8 60
30 54
44 95
46 40
64 8
48 25
24 32
34 0
79 65
0 77
40 90
46 40
84 69
43 79
0 81
54 32
72 0
42 0
40 68
96 4
30 10
24 80
7 0
93 48
96 24
34 20
28 0
10 34
96 91
36 78
82 82
68 42
64 84
55 95
64 23
33 21
40 52
40 60
35 63
30 71
4 30
80 22
91 50
85 4
40 30
64 50
70 12
28 30
20 76
55 4
37 9
92 95
60 50
40 84
44 16
16 92
54 18
13 18
47 78
54 68
12 24
56 12
65 18
80 99
92 28
4 26
28 60
54 3
24 98
52 80
70 12
80 45
10 90
63 72
31 33
89 80
36 50
32 58
56 52
20 0
55 40
6 5
76 31
34 39
0 96
48 52
0 18
54 52
0 50
57 76
48 17
32 32
55 90
78 26
84 54
31 60
50 48
80 80
10 52
89 96
28 64
59 15
10 96
86 76
80 92
73 0
50 76
80 9
71 5
83 63
92 23
24 10
7 0
62 44
60 80
90 47
22 4
16 26
56 64
98 94
4 16
81 99
0 85
56 68
38 76
94 84
30 72
4 89
74 0
40 52
4 66
24 98
39 61
41 81
12 40
40 60
82 90
60 98
12 92
64 80
28 44
20 0
84 73
20 12
62 85
16 12
36 92
60 26
50 4
84 60
20 32
40 16
32 4
54 34
20 40
82 98
50 24
39 83
40 50
32 40
76 86
36 42
28 92
69 74
25 50
72 34
46 20
6 35
36 48
98 49
29 46
35 98
60 0
17 21
88 96
76 58
98 99
74 56
78 0
72 96
61 0
84 0
50 0
2 12
64 52
20 75
20 0
16 24
36 25
98 20
20 68
80 8
72 0
92 22
20 57
92 53
0 0
76 7
10 55
0 9
76 40
92 40
66 88
78 8
44 15
24 34
84 52
66 15
21 80
68 68
57 0
60 9
92 90
88 60
90 19
68 84
92 16
87 50
0 79
98 82
60 53
96 60
13 42
18 21
0 40
98 52
11 40
60 92
72 7
67 92
86 76
92 4
72 45
48 70
32 16
76 67
16 16
52 10
58 11
92 78
0 16
98 45
87 66
75 52
93 0
20 90
38 40
65 34
44 13
28 60
90 28
33 96
60 20
70 81
0 36
15 80
52 80
0 2
20 96
35 60
23 70
81 60
53 4
60 0
52 40
0 66
80 40
80 97
21 88
47 0
31 13
62 98
40 53
0 40
50 98
48 92
17 40
8 4
50 41
63 80
95 74
40 58
4 63
36 55
22 9
80 24
0 10
46 24
20 74
16 24
7 88
90 64
5 40
0 65
42 20
20 51
13 67
62 30
4 32
28 41
83 38
48 48
32 20
80 8
48 3
96 50
50 10
84 70
77 80
80 75
76 58
28 60
19 90
28 44
56 10
10 12
65 44
90 40
26 72
45 40
38 4
97 44
30 4
59 8
76 88
88 19
73 92
84 45
15 72
28 25
40 16
99 31
55 44
54 60
30 48
22 80
74 8
16 87
28 96
41 96
77 52
61 80
32 58
28 90
95 40
20 36
80 0
42 48
84 64
52 56
0 50
34 84
44 4
60 0
16 12
43 92
84 14
43 76
62 50
0 80
12 44
56 0
98 60
72 50
26 27
27 12
84 8
26 36
24 0
2 62
49 89
39 40
33 72
40 51
16 88
49 18
38 60
52 50
26 16
94 18
82 43
36 92
24 52
60 45
32 41
31 88
25 66
79 76
0 14
25 96
1 1
74 0
98 11
23 28
65 40
40 40
34 12
20 48
24 36
23 30
20 0
65 70
68 95
96 70
77 62
97 26
88 60
99 30
46 10
44 8
0 18
90 24
35 84
63 84
19 81
87 10
20 10
70 10
34 37
87 0
44 0
96 80
98 85
41 55
62 1
22 67
84 18
5 18
12 54
25 84
50 62
64 65
50 0
84 96
48 56
64 50
50 42
40 15
2 59
11 84
5 4
75 80
80 83
5 65
48 7
12 96
67 32
48 28
80 49
40 90
25 60
4 40
18 16
60 22
5 60
24 21
62 25
64 85
18 32
45 77
30 10
46 19
90 6
65 27
30 78
97 36
31 48
82 80
73 28
65 54
14 16
33 70
4 87
8 39
20 64
0 92
93 74
57 63
54 69
84 1
10 20
96 68
80 97
20 20
26 10
11 52
85 58
41 18
80 76
50 46
59 50
90 20
28 60
0 0
0 66
48 88
79 50
58 4
0 60
34 17
10 64
24 95
54 54
60 50
61 52
50 62
8 50
76 4
20 54
88 20
98 36
60 68
50 5
5 40
96 44
92 70
98 13
17 50
29 28
6 50
92 50
65 94
67 0
96 50
58 83
84 66
27 50
86 40
40 26
0 70
93 96
75 72
93 0
41 22
25 53
20 2
74 40
88 75
41 17
84 40
44 44
52 72
36 86
32 55
28 88
55 98
60 60
84 81
2 92
64 38
65 84
69 40
91 48
50 72
70 75
14 32
63 25
8 84
12 8
45 92
76 14
7 85
11 0
70 50
18 84
0 58
8 40
79 92
86 77
14 8
60 13
0 68
62 60
80 65
40 40
39 46
92 60
12 66
0 39
25 7
0 90
40 69
33 22
20 24
97 70
22 16
32 0
0 68
68 32
68 69
72 20
0 24
85 0
20 76
62 50
82 19
0 6
81 50
0 32
9 62
34 70
73 40
6 50
31 72
2 12
30 78
78 50
56 0
90 32
73 20
40 36
0 8
44 59
35 76
42 99
26 56
72 52
81 60
1 72
88 22
52 92
75 53
95 12
43 78
62 76
84 90
36 64
60 11
10 76
72 28
11 81
54 86
16 20
53 12
54 32
1 88
5 54
34 60
13 76
32 45
84 92
80 27
6 87
57 0
33 88
65 56
81 52
98 0
79 96
8 10
64 4
47 50
92 60
81 15
82 40
45 56
22 10
64 75
32 20
38 0
8 20
89 89
45 60
18 78
84 96
4 92
76 99
96 60
28 28
47 10
64 22
96 88
49 52
0 56
98 50
72 60
82 70
16 15
30 25
30 54
40 28
56 62
52 0
36 88
64 36
25 76
33 82
50 57
96 56
44 19
5 25
96 4
7 20
80 52
60 99
0 16
16 96
80 69
20 60
2 16
15 54
50 64
23 30
44 30
98 8
30 80
76 2
60 94
38 48
84 85
92 70
27 10
48 20
78 88
0 44
30 60
13 84
60 20
8 54
42 36
84 92
80 8
24 35
60 68
84 28
25 97
84 42
96 62
60 40
71 0
49 20
94 92
60 22
40 62
84 22
75 57
76 75
72 88
28 16
2 0
20 48
79 4
30 52
82 22
65 32
34 74
56 75
25 3
55 80
32 99
80 50
34 67
90 90
84 92
84 30
52 40
51 52
12 4
75 48
92 10
62 30
20 5
43 90
26 98
60 40
70 88
36 84
4 32
72 52
76 98
20 20
48 50
50 24
49 90
62 83
59 94
50 60
88 81
13 97
1 76
63 45
32 92
84 30
68 42
60 88
50 41
23 60
1 25
68 58
65 21
41 20
76 90
30 99
19 45
6 52
91 39
90 30
72 63
25 86
42 35
0 55
20 50
66 8
64 60
44 40
62 80
30 40
52 32
30 98
28 0
76 10
70 61
26 28
52 57
4 44
83 92
24 54
32 86
46 24
35 48
31 22
4 54
80 28
69 32
16 72
30 0
20 80
1 82
22 36
26 16
26 62
64 56
8 55
0 95
34 50
20 20
68 94
80 28
56 48
63 68
68 63
68 56
56 58
0 16
16 95
30 60
60 56
92 10
72 45
42 92
45 8
20 98
56 40
1 20
72 40
39 83
25 60
60 81
0 16
20 98
20 84
4 84
80 66
98 16
25 59
36 96
99 26
60 57
42 52
84 45
78 35
12 32
34 25
24 15
35 98
55 64
80 9
67 24
70 85
16 30
3 59
68 96
55 58
28 0
55 40
0 96
47 8
80 84
80 89
4 46
0 19
35 5
40 42
56 45
68 80
11 48
66 99
39 24
30 76
56 15
68 41
90 35
78 8
32 12
57 62
63 21
95 72
14 14
24 68
25 96
37 87
96 10
6 40
25 0
34 10
60 40
82 40
61 80
45 83
0 15
50 18
82 60
29 24
10 30
30 45
43 0
64 80
80 44
42 55
88 24
23 4
62 74
4 86
24 12
60 78
4 74
48 39
45 10
92 27
56 47
8 20
97 6
80 44
32 25
94 0
60 45
90 0
90 64
59 60
24 0
70 48
69 16
20 63
94 48
79 54
52 56
90 25
72 32
66 50
88 20
32 95
22 94
76 76
40 2
31 0
10 0
80 25
50 22
50 74
30 60
50 5
68 1
72 12
98 0
99 92
52 38
13 25
76 0
68 0
39 52
36 54
9 0
10 61
51 75
51 36
84 80
10 1
95 64
75 97
10 16
19 20
81 89
87 54
76 12
74 80
65 48
9 40
94 36
16 8
64 30
80 4
76 36
54 16
10 70
64 30
72 86
50 73
16 82
24 63
15 96
57 65
58 65
80 88
80 48
20 42
39 92
31 48
11 87
70 81
50 35
95 10
9 64
27 40
25 75
84 71
77 35
49 84
40 5
4 60
36 0
42 39
80 78
4 3
68 4
72 34
95 7
0 50
24 74
50 75
80 80
0 32
75 31
36 70
40 52
78 0
49 18
92 80
65 79
27 42
24 80
55 88
52 44
88 4
40 56
81 4
14 55
61 32
75 50
28 49
33 66
0 75
90 60
36 10
0 36
5 56
75 64
1 72
44 0
68 80
52 80
14 20
0 0
68 48
99 20
72 80
20 56
40 40
0 0
93 84
16 60
94 12
96 95
46 52
4 46
4 90
84 0
16 90
60 26
34 74
35 0
29 0
92 60
47 2
96 88
52 24
54 68
35 4
52 52
46 48
32 72
32 33
80 32
16 16
28 40
62 12
6 94
51 85
0 92
28 80
85 18
7 20
0 67
84 99
25 20
90 83
30 94
50 46
50 55
0 0
24 40
0 46
21 2
86 5
6 96
65 80
80 14
72 48
40 44
28 86
24 22
16 14
61 4
4 91
22 24
81 33
60 28
60 30
62 24
60 88
88 74
48 0
80 40
56 86
95 12
4 10
25 12
43 24
80 0
92 75
12 80
36 36
72 80
16 76
52 10
74 4
56 44
48 60
6 58
47 28
80 52
80 40
20 26
52 93
81 53
33 60
73 92
30 15
76 0
96 2
24 86
29 48
4 31
40 50
25 82
80 90
69 99
88 32
18 44
16 24
67 50
4 74
71 22
6 24
44 76
19 60
50 21
84 98
40 50
68 20
0 20
52 20
92 74
96 92
16 42
36 0
40 28
91 60
77 78
24 84
70 85
94 20
14 88
71 76
16 99
56 50
84 46
25 26
40 68
85 56
45 0
20 12
76 86
57 55
38 69
25 40
8 54
80 68
32 23
26 75
39 36
56 95
30 56
51 25
50 70
80 36
40 65
93 0
20 58
11 68
16 89
18 80
3 76
86 50
22 88
18 30
53 58
36 76
25 72
91 29
18 39
20 44
56 40
10 50
21 91
76 60
40 38
22 0
84 0
29 25
63 48
96 39
30 10
78 8
54 15
28 1
88 2
96 40
60 16
32 6
24 36
62 80
34 10
40 37
68 80
75 92
56 72
40 32
75 12
4 0
58 40
80 0
30 72
25 50
8 16
88 63
42 70
40 40
45 80
87 10
40 63
18 0
60 29
40 59
15 0
98 92
84 25
24 20
0 74
16 82
92 60
34 2
52 80
54 87
28 39
20 19
45 7
0 40
58 10
64 32
0 53
4 0
61 44
40 14
92 31
48 80
19 0
74 50
36 8
19 0
60 12
16 92
25 75
50 25
40 60
12 44
71 82
68 85
50 8
50 16
28 52
27 65
96 95
15 96
16 60
16 81
8 10
90 88
0 8
40 6
38 85
13 21
40 76
76 60
32 50
93 9
62 20
56 76
20 70
27 75
60 89
6 36
38 18
8 0
41 77
92 66
16 62
24 44
54 94
66 1
24 0
10 0
56 68
82 90
14 50
79 30
0 54
25 94
58 74
54 52
96 78
69 95
68 50
36 90
74 41
28 70
85 4
6 86
36 55
52 6
46 87
40 64
60 0
80 32
40 50
53 54
12 34
87 45
92 5
18 24
67 41
60 98
40 28
70 0
42 84
89 59
48 94
20 0
20 4
72 26
0 87
73 6
89 10
98 13
98 75
88 30
62 0
40 20
22 64
30 27
97 20
84 22
52 80
0 70
66 77
98 0
76 0
40 58
84 96
52 74
78 63
80 9
10 75
40 80
94 0
80 46
80 80
11 14
71 30
28 20
6 28
78 98
85 70
43 66
70 52
78 56
45 0
63 77
54 64
91 52
49 14
20 0
67 48
48 14
72 83
50 5
20 88
56 66
68 23
28 70
55 4
65 33
14 38
32 72
88 64
42 95
96 25
30 99
10 14
60 80
29 84
61 0
41 3
20 62
25 25
2 3
95 58
80 40
66 20
66 68
17 60
0 0
52 38
30 76
0 96
14 81
60 60
78 81
88 62
92 72
0 12
49 32
92 64
50 18
0 17
60 72
6 80
44 80
90 35
10 44
98 22
8 43
20 96
20 50
73 36
20 44
95 71
88 85
9 90
80 64
30 97
53 48
70 58
35 16
21 34
72 86
88 8
36 9
66 46
46 74
20 96
72 20
62 56
96 30
50 50
80 0
20 34
75 0
60 14
31 0
50 4
10 33
70 10
70 96
66 68
84 30
80 5
84 16
88 38
70 24
90 78
22 16
15 96
27 70
12 80
68 24
6 15
0 76
49 48
4 14
75 88
48 20
76 46
61 12
93 53
40 82
48 91
24 78
5 8
20 88
5 6
78 40
32 24
40 82
80 10
76 53
58 54
64 86
32 60
20 5
0 64
96 4
20 19
60 86
42 24
10 62
66 70
19 10
65 38
90 28
14 20
21 64
44 74
0 79
64 40
86 36
2 64
95 42
48 28
55 84
0 73
35 32
96 76
98 38
62 89
74 28
13 25
88 8
12 54
14 98
7 10
40 86
84 60
48 19
78 38
68 90
0 36
30 96
52 25
36 22
40 31
16 8
51 40
68 24
46 57
60 64
80 60
98 92
80 80
31 92
60 13
16 96
75 28
50 0
53 34
54 91
60 18
4 75
10 83
0 96
72 44
16 96
70 70
49 51
28 0
0 13
32 56
60 50
20 72
40 84
20 44
63 40
25 12
86 52
13 12
80 36
62 10
90 32
0 40
26 26
14 80
97 66
38 44
85 64
45 40
88 50
28 50
90 80
36 44
86 14
5 4
51 0
82 50
20 87
48 15
99 61
6 61
46 16
59 80
27 68
81 61
73 25
80 16
44 44
14 71
50 3
48 52
36 0
90 73
60 88
65 90
48 20
8 90
46 37
5 56
10 40
82 72
53 22
16 40
20 74
94 46
0 36
56 72
1 68
56 5
25 66
80 29
90 32
13 36
95 44
50 52
94 53
80 40
0 6
17 50
55 60
9 88
60 25
32 88
68 47
69 77
28 48
88 75
41 37
18 57
0 58
58 33
30 68
44 0
98 49
30 53
44 77
32 18
50 82
53 81
76 52
72 88
40 88
60 40
2 8
56 56
8 39
0 80
34 31
20 86
60 47
95 51
16 0
48 24
10 70
27 68
38 80
37 22
98 35
72 96
36 89
72 28
96 61
0 80
0 44
37 68
93 80
68 47
20 73
10 0
96 96
2 59
59 2
75 12
96 66
7 75
60 78
91 62
50 33
46 48
33 72
92 75
35 13
0 43
42 58
1 48
96 0
10 32
35 74
78 10
50 52
40 39
68 21
32 79
70 26
79 48
67 54
31 89
0 8
68 12
56 8
34 2
36 84
80 4
60 25
94 55
31 64
72 88
60 28
2 64
40 88
8 40
92 40
12 11
64 74
4 55
76 84
50 34
40 4
90 24
38 89
80 52
60 12
64 0
6 56
65 0
38 49
58 59
0 60
48 24
0 78
84 58
47 28
36 88
96 37
84 60
80 56
30 28
75 70
68 76
49 48
68 52
8 40
80 7
56 41
36 42
45 56
92 88
40 40
73 16
4 76
50 16
55 60
95 52
25 30
24 54
80 82
24 34
30 50
16 72
97 84
21 95
88 64
20 38
13 55
50 35
0 65
24 97
61 59
6 50
0 59
65 94
12 98
24 96
53 62
80 92
44 79
40 72
75 48
78 52
84 0
20 88
87 6
80 32
28 8
14 86
58 34
41 5
4 68
60 53
71 49
80 93
71 10
84 40
32 99
78 41
24 70
84 1
92 51
95 31
0 70
93 60
0 25
65 81
72 5
12 73
78 32
94 10
82 60
45 81
82 87
56 61
86 0
65 41
37 0
84 52
94 56
51 80
32 85
44 30
99 80
8 98
36 24
88 74
12 22
60 50
80 75
93 96
92 24
0 32
30 0
8 24
34 10
2 28
21 2
34 12
88 3
64 16
60 44
44 8
40 70
68 90
84 12
33 90
13 0
46 20
20 14
36 80
25 58
18 59
0 85
46 30
67 15
40 32
52 25
0 70
50 77
36 0
62 0
22 4
99 60
76 36
68 28
91 16
54 95
8 32
38 0
92 92
16 12
69 47
70 66
69 52
84 38
54 92
4 36
56 6
56 50
5 21
0 81
4 24
72 64
44 78
94 80
60 88
62 28
36 0
61 0
72 1
75 68
20 53
18 82
33 72
73 32
81 3
62 44
94 9
78 57
33 92
60 74
10 28
72 30
96 12
96 28
92 38
10 82
76 24
57 0
80 44
25 10
56 56
35 0
9 40
9 54
44 88
40 40
78 75
0 11
26 34
0 41
65 48
0 25
60 0
64 50
80 28
40 75
35 68
94 88
87 43
41 45
84 0
0 22
4 24
40 56
7 44
16 74
78 70
42 28
68 70
20 70
28 40
65 20
61 81
69 16
79 20
62 63
76 30
37 79
31 70
20 30
34 77
80 82
64 70
93 84
0 98
16 76
93 53
80 28
72 41
38 66
22 44
4 2
68 34
50 92
32 26
0 52
20 47
8 34
22 93
12 0
39 41
16 71
48 28
53 84
46 22
48 25
56 50
84 40
50 96
40 0
25 36
98 74
25 80
77 69
18 0
71 29
68 68
20 77
88 52
19 56
60 15
68 18
78 68
56 28
88 90
49 65
0 10
21 83
88 20
58 60
59 7
35 20
96 66
95 93
22 32
5 96
1 18
40 60
56 96
14 46
52 72
20 40
2 34
20 4
90 19
72 78
15 0
70 76
0 20
98 50
78 92
44 69
53 40
30 81
62 80
54 40
86 30
40 40
0 56
75 93
99 5
93 34
40 90
35 32
30 96
10 0
10 0
49 56
0 0
75 95
49 40
44 65
11 32
46 76
64 80
13 24
50 40
38 1
74 13
94 74
67 0
90 60
18 68
78 5
95 88
50 80
68 46
24 32
92 85
10 20
78 40
92 44
28 75
55 48
69 36
80 50
12 95
25 40
17 48
53 2
50 78
85 50
96 96
16 80
76 0
58 74
48 98
0 48
30 48
47 6
0 40
27 96
36 94
27 94
12 80
22 74
76 69
58 76
72 88
77 40
16 96
95 92
17 79
65 60
18 96
16 96
64 8
72 0
6 44
67 50
27 25
0 88
2 88
20 88
27 50
70 2
20 90
14 99
0 4
78 34
84 53
66 88
44 48
41 82
92 12
2 16
71 10
54 96
96 39
36 35
46 62
55 2
26 72
95 50
25 42
42 48
89 24
64 54
62 0
65 52
96 16
22 19
92 92
5 92
82 30
0 40
37 0
70 2
81 14
61 0
55 39
7 32
26 88
81 50
50 25
5 20
12 76
3 68
99 1
18 91
53 20
35 16
36 38
16 78
80 55
26 50
46 5
16 20
8 90
56 8
97 76
52 14
8 72
70 4
0 8
0 24
20 68
80 0
8 56
88 12
69 32
7 76
41 20
44 50
84 26
92 70
7 48
51 10
45 4
64 26
99 59
76 44
87 0
50 46
24 36
38 92
15 30
16 73
96 59
85 24
43 60
88 50
80 88
40 62
6 92
0 96
30 11
68 68
10 32
62 50
64 84
90 48
4 43
96 77
10 0
22 83
8 24
48 46
54 23
56 58
51 0
70 17
95 72
72 80
80 82
67 55
60 50
48 30
1 14
65 80
55 8
0 40
62 5
90 50
7 45
20 16
88 12
17 94
94 35
88 44
26 60
20 48
75 54
12 12
98 60
64 73
71 53
40 68
33 50
84 72
81 62
86 2
55 4
1 12
60 76
68 96
0 86
0 80
18 96
18 44
40 50
0 12
58 18
66 50
90 10
88 88
88 44
0 70
54 36
12 46
30 86
68 10
10 68
2 30
74 16
30 23
70 75
90 94
60 45
0 70
36 17
50 50
86 84
71 95
25 48
60 17
20 32
84 50
25 62
51 24
46 0
44 88
40 60
1 50
72 39
0 0
7 28
88 41
38 72
53 96
90 25
36 59
14 99
96 66
0 84
56 59
20 80
48 86
28 68
0 1
84 10
56 40
20 4
0 70
18 52
5 59
56 20
69 60
28 70
40 83
99 50
72 34
24 22
68 55
30 28
92 20
64 65
84 95
12 0
79 23
72 30
60 60
41 84
35 8
88 18
80 60
90 64
24 85
30 20
34 50
87 32
8 70
55 0
50 4
0 52
15 91
35 88
45 35
62 54
25 10
8 0
36 28
64 51
91 54
74 0
39 89
55 68
96 32
2 56
28 41
96 92
20 0
2 36
54 55
70 24
56 90
52 8
43 80
26 22
29 90
42 46
22 25
76 44
23 0
16 0
73 98
4 56
51 4
42 66
47 15
46 52
10 63
57 78
62 18
76 25
44 39
0 10
60 5
50 30
40 8
31 67
80 8
22 28
46 80
44 70
96 40
20 63
25 28
86 61
20 40
54 20
15 0
0 92
87 28
84 16
88 67
86 72
60 45
4 50
72 55
64 25
38 31
55 0
80 34
76 60
84 13
69 80
95 92
70 50
29 44
76 30
46 24
12 8
92 20
36 66
35 13
51 24
35 8
59 79
23 92
40 58
15 80
40 36
8 80
70 1
75 75
52 53
42 0
38 12
40 65
34 53
60 34
88 11
30 7
56 66
50 51
77 0
68 33
19 36
60 80
80 16
67 12
92 60
5 60
40 20
86 44
79 32
92 95
0 42
70 85
15 10
86 95
60 8
68 34
70 48
4 28
72 21
35 66
58 13
8 92
76 84
95 5
23 66
10 3
68 15
99 36
72 38
20 8
50 45
70 96
40 7
23 32
8 30
84 12
80 23
40 40
89 20
35 6
20 76
53 80
44 25
60 87
60 56
20 60
50 20
19 0
38 30
57 82
29 89
16 72
0 29
50 64
4 0
60 62
65 98
8 48
79 8
81 59
0 20
55 10
36 95
96 64
64 85
30 60
68 92
80 15
6 85
20 0
41 9
66 38
20 51
58 12
40 10
5 4
98 29
56 0
21 36
84 8
74 64
19 10
95 69
92 48
12 21
60 64
75 36
77 8
62 24
72 67
24 84
89 50
92 44
96 56
16 86
58 35
17 48
60 38
52 60
46 76
64 92
15 98
12 40
93 60
99 92
4 25
36 76
42 20
72 76
97 60
31 8
23 64
20 4
60 58
92 65
10 42
75 60
35 63
86 68
46 2
10 14
17 11
42 80
83 31
8 55
0 16
88 14
6 46
35 71
88 25
40 58
2 10
18 68
87 32
88 92
44 25
96 18
38 95
60 8
92 77
44 80
48 32
8 46
30 48
38 20
10 41
64 97
44 47
40 80
64 0
13 95
80 40
80 85
92 35
65 80
44 0
86 72
10 76
10 28
25 68
60 20
84 69
92 95
64 64
20 43
62 22
68 0
0 83
58 78
60 84
40 4
0 60
0 0
36 79
76 85
63 0
50 6
22 80
25 5
25 60
98 50
80 84
0 12
28 95
20 68
48 23
70 56
14 80
34 90
24 50
60 17
92 64
4 56
10 94
2 65
84 20
40 36
24 28
44 64
81 80
72 25
32 0
36 4
86 20
26 94
63 48
65 36
40 90
90 56
30 86
76 77
80 37
60 0
76 25
36 79
50 18
26 86
22 15
3 16
95 34
96 92
0 28
68 2
48 32
77 13
0 98
5 80
7 76
0 10
29 75
36 88
60 76
56 65
50 21
30 38
50 26
0 97
74 96
74 82
4 82
24 83
20 30
75 1
20 10
25 75
16 85
16 10
9 95
0 19
76 60
58 79
13 72
53 4
76 48
44 8
79 18
3 35
44 76
37 0
41 88
23 16
50 60
52 18
24 84
39 99
85 11
53 92
84 20
42 44
89 92
56 0
50 96
34 60
20 60
81 33
84 24
33 20
8 40
50 70
83 36
55 32
25 55
30 15
65 89
70 10
83 0
4 48
25 36
40 28
0 0
25 59
80 6
85 36
64 40
0 54
40 4
68 98
80 84
96 33
96 54
0 82
63 93
74 52
76 0
10 3
84 59
68 65
10 12
37 31
30 16
40 25
91 16
28 25
50 22
20 50
51 44
75 39
80 72
40 0
96 16
48 82
77 80
74 53
47 0
0 96
28 94
50 64
44 11
94 28
23 60
80 92
74 78
57 75
42 59
42 91
0 32
80 78
0 20
56 49
0 50
40 40
16 27
34 6
40 52
12 12
80 75
66 30
94 21
77 76
15 2
45 5
44 72
45 30
84 35
5 92
4 21
94 4
0 12
25 15
60 85
51 63
62 24
2 30
19 16
84 55
22 0
4 31
56 84
68 31
58 88
99 97
30 20
4 50
16 62
90 20
96 80
56 6
16 16
27 92
58 60
60 74
72 0
60 24
55 13
91 4
5 70
20 40
8 0
40 92
57 84
53 58
84 50
20 0
8 82
99 55
36 10
65 56
60 22
16 60
64 10
92 82
90 42
30 13
72 88
11 52
8 7
20 8
70 76
40 60
60 76
28 80
96 85
92 40
64 49
25 30
1 50
0 50
16 45
90 11
41 3
72 6
72 95
24 9
32 34
5 61
38 31
55 92
50 81
0 8
68 54
12 18
48 68
70 0
54 92
14 65
84 16
98 20
90 0
4 32
4 4
48 10
86 10
50 30
17 48
37 52
1 20
84 40
30 10
12 12
9 40
75 97
2 48
60 6
93 5
0 39
32 50
38 0
0 45
77 22
13 86
22 5
4 48
86 53
60 44
80 62
70 24
78 81
60 36
94 60
28 8
10 66
72 30
96 97
95 40
69 30
86 13
39 25
94 25
56 62
40 27
25 20
56 44
86 96
22 44
14 31
20 22
67 10
55 14
24 50
33 0
84 60
60 42
27 66
36 67
42 0
6 96
56 82
60 92
16 13
80 69
10 52
56 76
64 68
61 72
42 56
79 28
21 27
83 12
20 55
21 28
4 26
98 76
75 45
77 71
47 0
32 99
12 69
50 30
50 58
40 0
40 80
72 76
84 0
14 50
50 0
79 88
74 25
20 44
68 70
0 0
56 49
17 85
88 80
60 38
30 12
60 11
23 0
0 80
54 63
20 26
65 46
81 44
90 85
92 36
60 44
93 60
4 47
82 70
72 60
15 50
0 27
53 8
16 36
90 51
29 68
0 54
50 42
48 22
55 66
34 44
32 8
91 83
96 2
52 84
92 92
24 35
69 60
92 44
42 83
16 90
10 41
26 4
40 34
88 63
7 87
52 76
12 40
81 98
15 89
37 45
15 68
11 80
0 69
42 16
48 0
64 25
86 74
84 88
28 88
9 76
40 80
96 67
56 17
85 73
80 9
48 28
2 56
49 24
48 18
35 88
9 15
34 92
20 16
26 24
84 98
12 19
32 56
38 30
5 19
33 75
92 36
68 22
70 75
70 32
80 64
80 50
95 20
16 68
43 28
12 68
25 85
35 37
60 36
50 70
0 88
12 82
77 40
26 2
51 90
24 12
10 86
14 20
54 9
60 48
40 96
57 80
30 36
20 35
67 4
24 40
79 17
89 20
50 64
54 40
60 10
88 89
63 95
37 31
54 42
6 80
62 75
44 52
88 60
78 71
61 20
91 38
36 57
24 80
43 1
80 90
60 7
54 53
30 31
16 30
40 58
24 12
76 16
60 16
36 41
40 66
47 46
58 80
0 76
0 42
28 63
30 24
66 74
41 76
0 84
50 9
21 40
30 31
94 20
82 76
90 92
96 0
47 32
18 28
8 60
35 12
32 70
71 20
76 56
58 9
94 18
64 72
82 34
81 20
58 64
75 12
76 35
95 84
43 50
58 2
80 0
56 73
16 45
16 20
69 98
68 34
36 96
30 76
80 0
0 65
32 65
88 85
80 19
40 30
50 40
19 20
80 1
49 68
60 73
95 3
60 75
0 54
50 32
22 69
10 88
40 8
72 28
44 60
32 64
10 84
75 20
40 54
65 76
28 0
40 8
21 20
10 12
0 20
5 10
20 84
40 40
1 40
38 30
15 91
32 44
62 16
10 49
66 20
20 30
16 66
60 80
84 0
56 64
4 92
65 37
60 9
44 98
63 92
10 43
54 28
77 85
40 57
54 14
54 25
95 80
50 91
90 72
35 8
70 82
84 64
57 64
84 46
76 24
79 0
88 16
18 76
24 22
0 88
36 72
95 27
56 64
72 44
20 57
30 60
89 14
25 43
52 72
0 61
55 34
62 20
21 96
76 8
88 96
36 6
8 10
50 60
40 81
84 30
36 11
40 41
5 96
60 94
30 76
44 40
40 60
6 60
75 66
56 24
18 60
72 8
40 2
80 4
88 76
3 38
95 2
74 89
69 30
54 6
0 40
45 0
88 80
20 8
33 5
25 20
71 92
0 96
70 64
4 48
20 75
80 80
36 81
32 0
64 34
37 62
36 60
60 64
62 89
2 8
46 24
85 25
17 20
95 60
63 40
91 30
16 24
1 25
13 5
42 94
10 86
50 12
36 60
26 30
20 58
21 72
64 46
72 10
0 61
4 38
60 17
60 79
65 72
20 60
40 80
16 63
20 70
72 16
22 26
12 38
15 88
90 66
4 30
30 99
34 16
50 96
44 31
76 76
92 80
40 72
0 92
61 70
90 85
0 24
72 50
14 60
32 31
52 40
64 84
91 76
54 47
70 80
85 15
52 86
47 8
90 80
38 8
16 20
38 60
40 24
80 92
74 97
21 79
32 70
58 95
44 88
30 50
57 48
52 47
12 40
16 60
52 76
40 73
46 80
35 85
0 28
91 44
55 28
64 87
44 85
35 85
64 40
14 98
35 12
88 96
48 26
56 82
24 24
48 15
20 60
50 3
79 54
20 41
7 75
65 12
60 66
28 50
0 44
87 85
95 85
14 7
88 56
88 20
75 2
52 90
85 8
96 85
28 8
49 50
40 87
76 97
50 60
24 44
70 77
37 78
42 0
29 34
98 32
24 38
40 93
36 37
36 35
76 9
15 30
36 26
22 78
2 94
25 90
8 62
50 40
0 88
90 67
60 30
54 79
60 6
40 28
66 85
22 0
79 65
25 28
60 64
93 20
0 0
8 60
70 66
22 66
27 70
95 40
54 78
70 8
1 50
4 73
8 48
75 8
16 40
68 0
72 72
1 78
72 19
22 32
0 76
6 64
55 0
10 40
75 8
80 90
60 20
0 23
40 68
98 32
80 2
43 55
86 84
60 7
42 50
96 52
98 18
97 45
68 20
20 22
46 45
72 18
75 22
66 90
36 84
94 85
48 12
32 46
6 96
20 40
12 54
27 40
15 12
60 82
40 47
52 86
40 45
16 86
92 26
80 34
18 5
68 23
40 74
98 32
50 0
40 14
87 4
63 60
40 8
44 44
97 25
10 49
12 64
28 88
60 64
16 4
0 59
5 12
20 99
65 56
85 75
40 52
84 65
52 80
98 24
0 2
36 83
60 48
40 52
54 40
52 32
70 48
94 22
96 50
20 44
50 0
10 94
50 74
10 26
19 84
50 85
75 1
24 30
73 4
24 20
39 8
80 20
12 46
92 57
11 30
27 64
6 0
5 25
33 55
60 30
72 12
85 86
90 22
84 24
68 0
65 65
14 92
92 18
56 20
4 30
60 20
16 52
80 61
79 31
32 80
94 56
24 4
62 40
84 68
46 3
20 50
12 0
85 72
77 60
60 96
90 12
36 28
65 14
29 75
30 25
74 29
75 0
0 74
52 85
43 66
48 0
36 90
7 42
65 44
40 62
13 84
0 76
4 57
0 63
90 33
65 0
21 64
14 0
14 60
41 70
62 17
84 18
5 54
0 4
44 1
11 80
87 60
8 80
20 14
62 80
50 94
76 63
19 4
65 56
84 98
94 51
60 12
40 89
55 0
60 32
56 11
8 16
95 10
56 74
86 34
62 0
41 80
56 6
66 56
36 60
60 0
6 17
76 68
27 64
13 62
64 25
56 46
0 39
40 19
54 43
94 8
52 56
4 90
19 8
28 88
65 62
13 82
74 92
86 0
60 92
4 58
50 32
37 40
48 60
64 32
49 14
30 99
7 7
95 0
99 44
63 70
82 51
60 46
52 36
85 72
20 20
10 95
50 24
79 26
44 89
39 44
28 25
96 80
32 84
48 34
70 66
28 24
88 0
72 82
40 88
41 43
80 76
61 0
54 70
5 66
16 44
32 54
95 42
9 24
80 46
44 63
82 90
62 0
62 91
88 20
79 60
20 92
88 65
72 19
96 36
81 7
70 64
96 73
30 98
0 61
75 24
92 50
68 0
16 0
24 6
32 60
19 36
48 60
56 32
99 81
0 62
81 48
76 66
29 91
72 0
24 68
94 24
32 66
48 25
52 30
72 94
57 24
48 0
63 76
60 10
42 64
90 76
20 0
56 60
20 56
94 60
10 36
60 52
29 64
40 5
48 0
40 60
72 60
81 80
70 44
66 80
38 39
71 88
97 80
28 64
59 21
72 10
90 18
13 62
10 80
35 90
16 59
91 50
0 16
20 92
72 72
84 11
16 0
29 52
86 52
46 10
16 80
25 60
71 64
84 14
56 75
78 24
44 16
96 68
0 77
28 10
20 18
28 5
92 80
56 25
1 44
56 76
20 50
80 22
60 34
65 68
80 40
14 34
62 20
28 78
19 10
8 25
66 68
22 42
91 50
20 30
74 96
72 60
30 95
24 70
13 56
64 2
22 38
7 12
80 74
10 62
98 39
78 88
68 20
21 8
20 66
90 48
37 95
16 66
24 90
92 66
10 75
96 0
50 66
56 40
96 50
8 16
50 88
84 48
42 83
74 34
4 16
25 85
70 78
96 65
12 42
85 44
96 10
88 83
79 96
60 72
55 56
2 52
88 12
97 65
48 70
4 66
90 56
30 26
26 90
40 70
50 4
99 60
12 80
9 16
55 87
28 42
32 92
85 2
12 48
10 84
81 8
56 92
40 5
0 39
60 28
30 99
0 44
78 50
99 47
36 1
95 0
68 0
80 87
65 60
52 36
20 0
0 86
16 19
80 60
70 23
21 90
4 38
16 32
65 30
87 32
38 40
60 64
2 66
40 32
20 42
49 0
44 53
0 43
16 52
50 96
80 52
80 64
28 20
80 34
85 94
84 65
20 0
72 64
13 60
85 21
65 2
1 21
67 10
2 0
95 55
60 56
66 95
26 40
88 59
20 78
64 6
80 82
84 50
50 75
96 32
82 78
76 8
94 54
97 24
91 15
49 26
88 72
86 20
56 94
98 0
10 44
20 92
20 13
60 24
96 98
33 32
38 28
2 69
67 27
12 42
80 80
20 46
43 40
52 88
12 52
20 66
14 11
4 42
27 88
51 99
78 0
31 12
95 5
56 90
46 0
52 79
28 55
2 46
20 52
10 16
16 70
50 9
28 80
24 6
45 90
64 46
45 55
40 52
38 88
10 10
20 20
50 0
39 32
30 60
2 0
40 39
86 44
92 75
12 66
18 80
38 55
66 96
70 68
0 14
44 25
0 35
72 32
80 90
26 55
95 50
76 44
3 50
10 73
4 96
84 69
34 28
48 50
10 50
4 41
96 92
45 0
40 15
12 0
36 6
66 53
70 34
73 0
53 76
36 75
56 56
38 41
90 10
72 56
16 31
14 89
45 58
94 13
71 71
0 80
