100
4950
16 68
14 1
92 70
40 40
72 14
8 86
18 60
25 64
84 6
0 20
46 20
98 80
60 46
18 56
88 88
25 34
46 20
87 86
86 23
1 7
0 86
52 80
15 14
48 82
10 65
12 88
96 44
85 90
72 88
98 82
74 86
74 20
28 84
95 22
20 40
70 91
34 65
64 64
80 92
27 67
46 18
23 95
26 28
16 44
48 3
22 0
20 92
15 32
18 33
56 60
80 42
67 80
61 28
26 84
84 36
50 14
60 80
50 72
19 0
50 64
3 4
28 90
40 71
20 76
60 84
68 0
58 7
73 47
48 44
7 92
40 20
44 36
84 38
4 25
36 66
36 60
45 68
40 32
23 10
12 78
65 54
84 6
70 50
18 14
80 55
84 56
72 14
50 92
40 13
16 84
20 80
36 48
72 80
58 25
38 31
84 72
54 92
7 38
96 80
20 8
84 92
50 30
6 80
12 67
62 21
80 60
10 57
50 12
70 44
65 85
68 18
88 80
78 60
37 54
2 80
70 60
82 64
96 68
60 60
76 24
96 64
35 56
12 62
71 4
40 14
0 10
60 33
68 50
77 40
70 55
52 64
65 98
13 74
2 76
24 40
68 2
42 48
10 10
44 36
40 80
30 80
23 61
49 16
37 96
22 84
83 64
9 72
80 4
72 87
8 40
26 12
63 60
31 14
57 83
85 88
78 50
37 57
15 38
14 64
64 79
71 0
6 64
46 86
22 28
75 52
40 94
16 4
50 91
4 28
20 50
30 48
41 62
96 96
0 87
3 75
23 52
36 18
66 90
46 0
50 88
72 68
95 92
9 10
64 80
80 12
73 32
12 26
60 32
68 20
50 2
40 96
40 28
43 58
84 89
48 10
20 68
38 38
40 78
55 0
38 34
74 54
50 92
30 44
44 45
47 24
52 0
54 8
32 0
44 58
80 22
80 40
30 5
4 67
66 44
68 20
4 89
67 84
84 92
45 2
4 96
70 52
7 80
84 80
10 17
84 20
88 76
60 25
15 48
30 10
38 60
85 0
36 4
72 84
0 16
76 0
88 5
93 30
20 68
4 12
20 80
84 28
54 81
8 63
80 44
44 92
78 76
65 1
70 3
20 88
24 28
61 88
0 4
24 11
68 30
56 32
92 74
4 92
45 4
8 65
32 40
88 64
52 94
16 16
61 50
52 21
40 34
15 95
84 92
97 47
8 88
88 34
90 76
32 0
0 80
80 32
94 90
61 11
48 56
52 40
88 72
83 60
30 0
33 0
59 80
7 70
56 40
74 29
24 60
28 84
48 76
48 20
71 61
85 10
48 60
72 0
86 82
90 99
98 76
97 95
94 68
55 42
47 40
32 30
50 43
48 34
52 17
45 46
92 72
12 6
96 92
57 84
80 20
4 12
8 33
45 73
0 8
40 50
0 84
43 68
48 35
60 96
53 12
34 30
82 68
70 4
32 40
3 4
40 80
16 28
25 60
84 0
38 63
22 45
93 78
97 29
30 70
57 2
2 86
10 51
5 58
32 63
12 84
0 51
32 40
15 30
20 65
44 2
46 44
76 50
20 21
90 43
62 16
88 0
80 68
47 32
26 81
92 35
33 30
98 0
23 32
70 18
82 95
84 80
72 42
74 16
50 85
50 48
37 17
36 23
4 30
80 38
7 22
72 80
47 0
25 97
32 0
4 72
78 84
56 12
17 72
0 44
48 56
4 50
80 88
62 64
85 16
60 4
0 54
52 41
6 96
97 80
92 20
98 32
15 74
10 17
60 44
90 94
70 96
32 0
80 72
20 83
46 27
52 8
40 8
54 84
36 64
30 48
27 59
19 28
12 20
38 64
76 37
96 16
72 75
61 92
84 32
51 68
30 25
60 63
45 40
36 68
78 74
79 94
72 22
72 50
2 50
8 50
8 72
25 77
90 15
84 40
84 0
35 60
12 10
56 0
5 41
3 50
50 80
26 52
70 77
96 64
22 87
40 66
85 44
4 42
90 68
68 45
20 24
11 80
45 76
90 42
40 32
37 48
7 70
20 28
27 96
18 28
52 42
90 72
74 20
80 22
86 10
36 32
35 25
0 16
92 80
61 2
12 27
99 48
12 40
40 79
18 44
35 36
73 56
59 24
5 20
20 25
8 0
34 84
26 75
70 4
74 15
38 50
30 44
28 11
44 0
88 12
0 0
48 40
71 25
64 80
52 35
84 15
36 4
0 40
25 50
74 57
28 76
4 40
58 60
86 28
40 16
50 53
36 4
40 72
0 83
32 45
0 92
91 60
51 60
86 98
64 88
80 0
77 80
8 4
30 36
30 89
92 78
9 28
0 30
32 19
32 42
20 50
56 92
64 84
20 63
44 14
0 31
78 38
12 0
0 80
8 60
12 24
60 80
4 56
20 20
55 96
50 40
47 40
64 76
0 82
0 4
60 1
49 64
8 84
18 68
3 32
60 80
84 8
40 80
91 58
32 46
86 40
92 20
44 65
0 24
60 4
52 88
40 12
48 77
64 0
58 10
55 31
80 2
53 40
55 20
82 88
0 14
36 43
64 40
64 96
35 36
54 36
20 86
74 20
44 5
0 66
92 10
40 80
56 36
50 4
14 68
34 48
66 18
20 5
96 9
20 96
60 33
14 4
40 68
72 72
83 96
90 0
26 20
3 78
28 96
68 88
38 0
0 75
6 96
11 95
80 84
20 0
50 13
45 0
28 25
42 64
1 68
20 64
78 41
28 62
88 44
22 98
0 30
50 36
55 80
90 27
60 72
36 82
92 53
20 36
15 85
99 35
77 0
38 0
14 56
46 34
12 70
65 80
6 0
60 61
47 10
80 55
60 22
0 26
76 84
5 13
90 62
35 19
0 35
60 36
96 79
0 40
40 73
1 76
0 80
48 35
36 6
62 40
60 64
18 35
15 54
80 40
25 0
28 50
16 5
6 9
70 0
80 75
93 5
80 0
32 12
80 0
2 70
15 90
40 92
56 70
64 2
77 0
76 32
22 16
29 12
99 20
0 50
2 70
72 92
19 40
70 6
40 66
32 4
48 8
52 68
26 75
80 36
80 52
16 63
42 42
88 80
55 36
73 60
57 78
0 6
8 20
45 56
96 82
93 40
60 70
75 40
48 49
90 24
2 60
61 42
80 25
4 6
99 20
12 93
50 15
13 25
60 70
22 46
48 71
12 16
30 66
10 90
51 30
10 90
75 43
20 12
68 82
11 91
50 4
95 0
56 78
30 58
64 84
36 0
8 62
52 16
63 44
72 7
76 35
3 14
84 14
40 60
33 82
25 52
1 76
72 32
23 28
36 52
64 16
25 40
60 40
28 4
76 6
26 60
25 16
20 56
20 92
10 8
5 0
60 74
92 0
60 1
60 64
61 50
54 76
91 8
60 20
4 12
40 50
98 40
76 52
64 96
92 58
93 10
8 32
12 90
74 80
16 46
12 38
85 1
46 66
20 10
27 91
58 80
9 4
37 80
48 89
70 36
17 33
64 47
29 61
16 46
56 83
20 36
20 32
92 50
48 80
80 56
70 25
50 13
31 69
25 30
60 36
18 25
44 16
36 86
86 52
81 8
48 80
80 14
60 52
24 36
14 98
72 60
21 74
65 42
47 20
26 94
20 72
84 20
42 30
40 12
15 34
90 44
0 70
49 26
2 76
82 72
90 3
70 0
64 35
24 19
0 90
48 57
43 38
61 54
46 15
34 32
96 44
60 24
89 96
20 62
56 76
94 0
36 80
43 52
0 91
25 28
0 59
31 80
30 48
95 50
0 38
76 70
80 10
52 26
80 70
55 3
57 56
30 16
1 80
60 0
60 92
75 48
75 29
88 29
74 88
85 4
0 15
63 9
92 30
37 20
28 32
40 16
10 29
79 95
86 10
6 22
0 72
80 20
56 21
10 95
50 40
93 78
20 61
17 9
68 47
98 36
48 29
92 40
50 35
16 69
56 99
69 64
84 32
70 17
48 14
0 42
35 97
50 60
34 64
48 20
72 19
4 25
66 36
42 20
57 97
95 38
50 67
50 52
47 39
62 69
53 84
30 13
90 24
40 81
71 42
7 48
75 4
50 58
0 68
36 35
70 0
0 35
8 12
60 2
30 5
96 0
19 0
16 0
76 55
24 28
20 96
27 26
50 63
5 37
67 56
2 8
15 10
67 19
56 44
40 50
1 28
68 38
3 34
35 84
46 0
50 5
61 83
14 11
16 28
28 26
31 0
50 28
11 46
16 72
26 75
95 52
44 67
69 0
60 72
20 79
67 76
78 75
27 10
56 60
91 58
56 94
4 42
76 40
18 28
76 95
5 92
52 82
93 79
60 13
80 20
98 40
0 86
0 74
90 16
5 78
5 75
30 36
8 56
90 14
90 95
45 52
55 12
58 64
88 20
40 51
99 40
82 68
16 98
28 41
50 70
46 48
58 56
57 60
41 96
49 95
25 90
12 35
91 16
90 84
79 38
14 4
0 76
21 94
94 97
84 80
23 88
76 20
4 54
0 74
62 34
72 64
36 74
64 4
19 95
74 44
48 32
70 21
60 68
75 95
10 56
55 50
75 40
46 0
4 21
96 92
80 8
86 78
30 76
40 3
96 40
88 18
0 50
71 65
81 25
94 15
68 64
99 75
0 60
60 7
64 41
80 12
50 28
76 26
60 44
68 64
43 40
24 62
90 85
1 48
59 50
32 30
29 10
90 15
90 97
94 24
81 64
82 44
20 88
17 62
54 79
93 82
30 78
0 80
40 0
80 82
75 38
16 26
22 8
21 26
54 86
51 60
52 52
6 70
84 20
40 76
8 0
65 60
16 0
37 28
56 15
18 88
64 50
22 28
62 28
60 12
88 12
60 75
2 70
56 72
33 84
84 80
65 84
20 34
10 30
0 48
93 50
25 2
64 2
40 52
30 75
42 40
56 0
50 16
28 2
0 76
42 26
80 40
66 18
26 96
60 80
60 16
39 80
7 22
31 8
21 8
85 71
52 2
25 82
22 13
28 21
92 24
12 0
81 9
55 36
16 86
9 94
41 66
63 90
6 8
60 92
40 80
0 43
50 0
65 30
20 0
44 64
66 39
74 6
30 28
76 56
90 96
5 6
67 68
80 72
0 14
0 89
0 48
57 44
0 15
0 75
52 46
62 48
0 44
48 80
44 35
8 18
72 8
16 74
38 48
88 26
0 30
85 82
16 64
71 86
2 18
36 83
32 68
66 40
86 50
5 3
86 4
10 84
80 74
22 80
48 54
55 0
62 86
75 40
95 50
65 72
51 0
20 60
10 72
56 26
94 60
50 88
22 31
33 48
92 97
76 55
2 2
0 20
3 91
67 53
18 86
33 60
96 15
0 16
20 55
6 40
40 25
31 68
75 70
68 55
76 56
13 76
30 80
78 72
34 2
20 66
94 10
45 24
88 30
68 52
72 60
10 23
0 77
0 32
48 53
92 80
60 44
80 5
75 18
96 90
12 74
64 0
13 44
72 49
80 12
60 25
95 20
0 32
25 60
50 52
37 18
34 30
60 90
0 37
60 4
15 38
20 72
18 48
92 99
78 13
90 50
63 12
20 72
94 46
24 5
29 0
46 84
86 40
24 1
32 60
88 12
34 73
68 95
48 4
72 82
36 14
13 12
0 20
64 46
91 25
95 62
48 89
6 13
99 58
20 50
80 6
9 36
50 70
72 75
80 78
84 0
92 60
65 4
64 8
59 46
67 85
60 72
86 12
44 88
37 22
58 0
25 96
32 10
92 62
75 12
48 70
43 96
14 28
20 69
60 86
20 67
0 74
68 33
60 50
68 46
59 31
65 36
80 65
4 54
64 54
90 92
96 18
80 0
16 54
25 48
52 0
68 14
50 32
30 72
54 96
94 92
40 80
38 70
72 87
16 72
50 45
56 23
12 92
98 20
40 0
50 33
52 81
50 96
80 19
80 4
80 6
2 56
54 78
80 45
0 44
91 20
38 22
71 40
12 79
47 58
40 8
16 3
0 76
78 35
12 44
75 39
89 97
47 11
78 87
21 30
0 89
18 24
70 86
10 40
24 77
24 88
10 12
20 84
50 70
56 2
2 80
61 35
64 12
12 39
92 94
11 55
76 9
42 28
94 16
90 37
94 34
18 93
91 76
64 18
60 33
2 97
81 40
72 26
88 40
14 44
40 64
48 72
56 8
0 50
49 85
17 94
20 27
15 35
92 97
80 52
4 35
83 22
49 82
15 45
0 92
80 0
93 52
65 44
68 17
70 84
13 24
53 35
4 87
25 48
96 92
19 45
60 50
44 80
32 24
95 10
51 90
27 78
58 0
8 28
28 20
24 12
60 14
96 16
50 84
33 1
60 88
42 0
15 20
17 88
46 96
12 40
9 50
82 0
50 56
40 76
21 41
0 50
0 56
68 4
0 96
8 25
31 90
32 20
18 60
86 10
0 0
38 28
16 52
31 28
8 82
50 16
62 11
18 6
16 25
55 44
50 72
45 4
88 38
50 68
88 88
20 19
55 0
40 96
32 20
80 84
96 64
30 17
88 53
25 16
37 8
74 85
0 36
20 62
34 16
15 76
11 79
1 72
64 7
47 64
80 10
15 40
93 70
52 76
49 30
70 90
39 17
58 16
10 60
8 18
0 48
40 88
25 48
42 32
58 73
17 20
88 12
84 28
48 48
74 20
24 65
40 64
96 70
50 76
30 9
50 0
40 88
10 20
86 76
10 58
8 15
80 60
9 92
67 38
32 57
59 30
55 72
25 17
41 21
40 6
6 76
40 60
64 66
84 36
10 20
76 72
50 10
39 60
54 20
9 8
54 27
7 42
75 61
47 44
85 52
20 48
28 4
90 75
30 12
60 90
18 65
45 68
52 38
71 2
60 89
75 20
7 25
35 98
60 64
72 8
76 9
52 0
36 30
40 12
98 59
50 12
2 32
94 27
75 36
8 11
84 51
67 52
53 72
64 48
35 56
20 13
88 75
40 99
48 53
36 84
44 0
32 0
85 78
30 44
70 80
55 45
20 36
99 4
96 40
84 50
56 0
68 60
79 13
96 32
52 60
8 96
36 95
38 82
40 44
26 80
62 98
16 80
50 50
44 50
0 50
12 88
22 21
50 20
37 5
36 25
96 20
20 56
12 45
38 62
57 92
4 47
75 60
11 62
37 68
50 96
96 62
4 49
4 32
35 43
44 6
60 4
56 99
72 30
67 54
0 57
75 31
32 1
45 40
5 62
20 74
40 16
44 95
82 0
91 8
32 77
2 64
40 36
42 0
70 76
76 12
7 38
44 16
27 20
42 12
59 24
23 96
31 77
72 92
98 14
34 90
30 77
0 57
65 2
76 54
50 32
41 36
6 89
77 28
9 52
98 32
43 16
90 49
37 50
31 24
40 86
30 24
17 32
36 88
25 40
44 0
40 32
40 50
92 0
58 0
88 50
42 18
23 51
27 79
36 20
41 0
16 65
88 10
58 32
61 14
85 8
26 97
20 76
68 5
60 8
0 45
27 8
70 8
48 84
45 0
95 48
11 48
43 62
72 20
80 85
88 91
0 48
8 72
25 88
42 18
50 56
90 89
19 4
25 41
56 18
34 92
40 63
80 19
29 60
30 34
76 48
59 42
80 88
30 11
84 3
96 36
96 52
23 10
0 78
92 6
64 84
94 88
72 57
40 60
65 0
65 36
95 20
56 53
20 90
0 96
93 60
63 80
65 26
20 35
58 16
82 8
67 32
76 21
70 21
83 46
46 30
52 42
8 95
60 42
64 64
26 68
20 10
38 16
95 15
64 14
9 24
76 45
0 94
44 60
90 36
84 74
94 80
82 32
54 25
72 8
69 0
40 82
34 75
24 64
77 80
10 75
68 8
8 20
14 32
52 76
40 90
12 10
20 0
60 0
30 41
88 96
72 28
18 76
0 72
50 8
74 70
10 85
0 38
44 19
62 0
84 42
28 81
33 60
10 56
16 20
38 28
36 84
60 58
56 56
32 60
95 25
38 10
78 78
72 0
56 0
38 60
20 94
60 50
60 60
22 72
5 10
40 0
48 62
20 0
92 18
30 58
10 80
66 16
50 74
88 87
4 80
80 36
20 88
62 0
0 32
4 87
28 39
60 25
60 79
43 34
68 8
60 46
44 90
52 0
60 24
36 10
48 60
40 76
58 44
24 97
40 36
96 75
15 64
0 60
0 2
58 76
76 60
71 13
94 61
78 12
85 47
83 12
36 32
21 92
0 20
82 70
12 75
23 60
72 32
25 60
86 9
86 75
60 52
78 0
76 58
87 60
50 64
68 7
38 85
2 56
21 95
45 27
28 20
36 50
62 62
28 83
84 34
39 34
39 20
73 78
96 8
70 0
52 16
16 21
68 80
20 72
98 54
32 55
44 90
72 44
56 31
52 13
60 72
46 60
96 84
0 70
88 32
40 66
6 68
36 62
26 14
50 25
23 44
92 20
40 42
74 95
14 98
49 37
0 20
40 72
29 50
56 74
22 60
20 11
12 74
18 74
78 0
20 40
96 66
30 50
80 18
0 25
10 88
15 80
6 96
28 48
4 84
7 33
60 32
52 30
51 4
80 56
55 84
90 0
31 93
85 73
14 40
93 63
80 84
82 0
62 60
45 2
40 87
51 81
72 15
91 60
96 0
46 0
20 74
19 52
1 63
40 50
33 71
96 40
45 27
76 5
96 66
44 21
92 88
56 57
17 12
72 30
52 81
0 54
38 72
56 50
48 60
60 88
88 62
36 55
5 78
58 16
66 38
70 20
96 45
0 92
70 7
57 80
80 26
50 80
30 80
25 75
16 28
4 20
12 56
60 48
80 4
58 68
90 90
40 59
16 84
12 84
36 69
0 58
40 84
42 96
36 40
42 95
76 72
21 34
52 83
5 31
78 32
75 35
64 52
48 50
87 40
80 28
90 72
68 73
90 8
59 60
0 80
72 58
46 20
0 34
90 30
75 72
50 55
48 5
30 6
10 0
16 6
25 4
29 27
28 85
92 0
36 90
13 62
34 90
60 48
84 12
92 0
18 12
52 20
28 97
16 68
11 14
73 48
7 86
40 0
36 5
76 74
40 40
61 15
36 69
75 49
46 18
31 80
70 26
36 78
45 20
24 58
34 25
4 67
94 63
97 34
40 76
64 83
75 44
96 35
70 60
72 75
21 86
22 30
30 52
20 77
20 64
47 4
90 13
8 80
72 58
83 45
0 2
92 75
20 43
64 76
75 2
36 30
10 14
42 64
36 0
72 95
80 29
40 12
3 40
48 43
88 82
90 22
47 60
29 10
32 68
36 71
36 56
80 0
0 92
84 44
79 68
56 36
0 40
89 71
88 16
80 28
30 40
25 30
98 12
4 0
12 81
51 82
45 0
78 62
44 52
62 4
6 16
55 12
27 0
40 0
65 8
36 59
48 75
1 0
40 60
88 90
20 95
16 34
70 46
40 65
44 20
84 60
42 64
13 0
66 99
96 44
30 9
75 85
42 0
44 0
15 42
27 38
36 49
80 46
60 45
68 84
84 96
44 20
25 30
83 68
66 61
30 9
64 59
40 32
50 70
84 90
14 0
10 8
96 60
0 60
0 3
31 4
80 72
64 81
67 65
68 19
20 41
0 95
96 46
13 4
40 0
0 68
45 0
20 72
11 20
20 4
0 10
24 72
64 0
92 67
91 26
36 70
50 84
88 47
32 97
64 38
68 48
0 57
5 78
24 0
54 86
25 76
50 20
35 98
20 52
52 9
44 28
18 65
88 60
4 92
0 60
20 50
40 36
66 76
44 36
81 70
33 28
27 65
83 95
40 70
84 10
32 28
48 40
30 8
0 45
0 16
10 60
16 25
50 40
74 51
25 25
38 20
80 32
26 76
0 93
1 0
52 95
0 70
94 25
40 0
94 6
88 0
13 16
68 10
0 7
0 92
0 84
95 57
20 80
32 98
0 81
82 0
14 41
26 90
4 78
97 16
25 12
74 60
32 52
0 20
59 34
88 50
4 20
96 58
21 56
79 50
78 50
70 63
0 90
96 36
40 60
94 40
98 88
45 88
1 84
79 2
88 25
46 0
22 18
24 55
48 8
5 24
50 40
44 48
55 58
45 51
2 43
36 80
28 5
90 9
80 30
72 69
96 22
55 60
60 98
0 21
80 0
50 85
0 14
16 0
48 84
16 18
5 8
82 63
17 28
35 86
7 63
61 49
32 42
0 69
14 50
0 35
82 42
43 50
18 96
99 0
16 50
96 28
88 84
25 20
15 60
94 79
94 58
56 90
40 20
56 90
63 98
76 0
93 6
54 80
29 63
68 85
80 60
62 60
36 98
93 93
60 96
48 62
28 16
88 60
29 60
48 20
8 97
83 96
28 43
40 84
94 32
52 75
40 71
34 92
75 32
50 60
60 13
91 0
88 90
80 80
25 7
91 36
24 70
4 42
92 74
85 27
60 10
56 72
16 49
95 15
70 48
15 12
96 20
64 16
60 7
60 12
20 40
88 42
61 25
45 84
12 77
0 96
54 64
36 50
45 7
95 80
70 53
28 28
14 64
58 86
57 74
12 42
58 68
60 74
24 39
80 31
66 31
58 72
65 80
78 24
34 35
60 72
44 0
44 78
15 30
25 34
32 50
67 30
35 91
80 83
60 82
60 56
88 5
34 98
96 11
54 38
67 39
55 50
66 95
92 74
8 49
91 84
40 16
94 66
18 28
84 79
72 25
40 8
7 14
76 20
44 64
43 0
0 99
50 20
72 0
16 4
18 98
14 62
76 19
13 0
4 24
52 15
32 24
15 76
65 14
24 70
8 90
80 13
0 88
80 44
94 70
52 96
45 80
12 70
54 7
20 48
44 25
0 20
78 76
79 81
80 64
12 97
62 64
16 75
0 9
20 46
44 52
74 22
62 30
28 78
42 30
60 5
40 36
6 0
0 11
88 36
84 80
49 33
40 66
66 44
68 64
60 0
89 20
88 38
24 41
7 66
17 68
52 82
80 97
84 30
95 91
36 92
75 61
8 44
48 83
65 82
0 30
92 0
0 0
70 50
12 42
58 80
50 34
88 47
47 80
40 24
40 38
62 60
38 16
70 75
60 50
60 0
17 24
49 3
55 60
24 88
95 52
80 8
94 48
60 8
0 62
72 82
48 26
10 72
72 96
37 0
58 64
64 77
46 12
16 44
66 94
36 40
0 84
94 10
65 6
47 4
40 52
3 25
82 0
20 15
17 60
28 54
6 64
94 44
0 0
86 98
40 82
5 38
90 1
92 58
75 81
14 32
0 26
6 10
35 68
25 74
58 22
34 90
70 6
4 95
25 90
75 60
32 12
86 30
50 76
16 56
16 20
73 42
85 40
69 32
88 44
42 92
32 12
60 24
34 20
79 26
70 72
52 6
84 15
60 55
90 68
36 96
80 7
12 70
71 12
52 22
80 15
30 90
90 4
51 12
74 37
45 22
40 91
84 10
9 57
58 20
60 0
94 90
0 80
20 56
72 24
20 56
52 10
8 78
28 62
24 34
50 14
50 20
18 24
52 79
72 18
70 22
88 97
46 84
50 75
20 40
22 4
4 4
70 90
74 9
80 0
42 8
44 21
68 80
85 96
62 76
84 68
60 44
60 28
0 0
99 90
72 90
0 12
84 12
20 59
84 2
67 93
40 84
14 10
66 56
42 64
44 48
72 32
0 39
57 60
73 46
42 57
44 49
32 35
79 92
97 40
40 4
16 79
80 71
78 27
60 27
0 40
24 71
9 89
97 64
40 94
51 10
92 16
43 66
40 0
42 70
22 60
76 54
50 93
90 32
88 68
44 14
2 64
81 14
3 20
75 30
40 80
36 20
44 80
10 28
53 0
66 32
85 40
36 59
10 72
65 35
78 90
15 46
89 0
64 20
0 76
59 0
77 50
45 0
30 36
53 64
96 50
50 85
0 72
36 89
84 20
29 44
88 45
20 88
20 70
60 32
50 0
11 15
75 16
1 62
56 8
0 50
96 50
51 34
94 18
48 28
40 90
0 22
10 46
8 85
60 12
34 44
80 50
0 96
34 14
84 70
75 40
0 59
94 76
34 80
72 65
69 79
96 18
50 78
84 88
72 16
8 88
52 32
76 0
39 60
96 34
78 18
90 35
76 82
95 16
20 76
16 16
20 92
50 73
16 14
52 68
81 75
21 0
43 30
55 80
50 18
90 30
12 36
76 10
4 80
60 79
83 28
12 85
0 75
8 84
35 55
47 10
54 83
12 33
67 12
22 52
98 95
46 12
77 12
60 81
60 79
16 84
82 26
43 3
50 90
20 96
92 48
62 98
26 76
88 80
28 26
63 32
54 54
31 52
99 56
60 42
75 45
29 57
40 79
80 60
46 56
95 80
28 32
68 52
5 75
41 20
47 56
33 20
48 44
92 80
0 59
15 70
42 23
20 32
48 22
52 56
8 82
76 84
20 68
50 50
0 56
80 46
78 89
95 55
25 90
0 40
20 4
98 40
53 67
68 72
22 55
8 44
76 90
60 64
46 30
60 15
83 56
44 16
34 51
7 21
93 92
21 80
5 41
97 48
64 59
66 54
50 36
88 25
2 96
19 90
85 18
28 92
73 31
48 52
92 25
50 39
0 18
96 40
37 16
70 66
64 92
27 18
56 75
7 68
99 0
20 28
75 79
1 46
0 76
54 23
92 56
4 3
72 84
60 26
58 60
40 8
28 80
74 11
1 44
44 38
92 92
80 56
88 97
56 54
96 57
92 69
76 40
32 31
12 4
88 80
91 8
75 76
8 96
80 46
66 75
32 36
73 82
62 33
6 0
79 9
64 5
84 12
70 10
92 92
45 70
39 24
46 68
20 10
60 88
7 80
10 50
80 78
67 20
70 70
19 90
68 25
30 65
50 0
49 70
44 31
72 52
50 26
92 98
8 26
51 54
94 75
98 28
50 52
41 68
0 73
81 33
28 10
32 72
50 34
56 35
90 20
62 88
30 0
0 55
94 48
22 74
76 50
17 46
7 28
0 98
26 6
30 31
94 29
54 83
28 79
39 20
69 78
80 0
20 54
52 56
80 24
45 10
43 32
96 48
44 64
7 98
71 15
55 98
60 54
80 92
54 40
4 40
84 50
40 48
14 48
50 73
28 10
80 80
21 50
89 64
48 64
56 43
4 12
26 4
92 10
60 82
59 81
66 40
94 76
5 0
20 46
93 86
44 52
24 64
90 30
23 73
58 24
50 31
69 40
10 74
85 65
82 56
48 74
0 80
94 10
60 53
4 34
52 44
40 5
92 1
6 25
24 40
0 30
73 40
61 41
45 20
16 40
61 92
44 36
9 27
20 50
80 27
22 30
23 92
80 72
14 84
61 8
29 90
80 59
96 12
32 60
32 26
27 56
76 68
6 36
58 20
70 51
18 50
25 56
60 68
92 79
60 0
24 53
45 34
41 88
36 32
29 16
30 49
84 28
44 95
83 70
38 66
18 24
92 37
18 32
68 14
26 24
56 59
26 40
4 8
19 49
59 14
50 64
75 44
60 35
93 17
64 2
57 62
78 77
10 37
92 0
0 95
96 96
38 65
80 73
2 20
9 92
49 40
70 2
12 90
8 0
30 25
35 61
68 46
36 62
28 76
45 48
88 50
85 40
20 1
46 35
62 24
41 17
61 96
52 44
96 68
60 8
80 40
97 94
2 24
8 62
0 68
79 0
96 1
49 48
84 84
80 58
52 37
25 40
48 10
45 64
28 92
0 24
89 17
83 27
5 8
88 0
92 0
60 4
62 18
69 56
84 64
28 50
10 94
92 48
92 90
18 2
45 8
9 72
74 14
19 96
86 36
57 84
45 45
48 90
0 52
44 5
80 86
8 20
48 76
57 72
0 48
50 60
40 17
96 98
84 35
15 24
79 88
32 13
82 7
68 8
50 68
70 58
88 38
22 34
36 33
14 80
79 77
58 13
56 97
59 16
22 72
0 50
12 75
11 70
8 85
10 60
84 80
44 63
20 84
54 67
32 24
44 40
36 40
84 88
17 44
80 28
71 64
80 29
20 76
40 10
60 53
87 34
34 3
30 5
50 64
96 78
50 40
92 27
64 55
84 80
50 98
16 20
72 43
36 42
0 46
12 36
90 93
0 88
72 79
56 55
26 8
92 22
23 66
84 84
16 25
15 92
60 30
56 78
8 4
35 0
25 18
74 42
47 68
46 62
70 94
0 8
94 40
40 21
99 50
68 94
90 47
29 75
0 23
76 52
2 70
41 81
61 42
16 4
3 45
33 64
60 40
28 45
96 20
54 44
26 54
75 0
68 50
96 94
26 47
96 60
40 31
50 30
16 72
25 0
32 88
90 46
39 63
64 85
78 97
81 66
12 87
35 84
38 88
78 26
44 0
94 7
20 60
51 88
60 75
32 36
95 65
16 38
10 50
75 92
32 0
25 78
50 0
0 50
76 96
35 93
6 79
50 81
46 73
59 14
0 14
80 4
80 16
0 34
5 72
80 70
6 55
60 60
56 67
25 60
66 64
4 20
60 20
78 0
74 5
72 36
8 12
40 61
80 85
63 16
40 44
6 12
76 4
48 32
10 1
80 48
8 19
50 42
8 45
44 0
64 13
40 50
93 63
54 26
28 20
36 20
44 67
23 65
20 14
62 25
24 10
64 24
76 60
41 91
80 60
38 4
45 10
44 54
12 42
32 75
67 70
10 72
0 60
92 31
62 26
60 72
44 75
8 68
68 10
60 42
33 80
96 88
0 83
16 56
10 48
70 24
82 98
22 4
0 10
42 92
72 76
72 32
32 0
74 55
84 60
60 20
74 36
30 76
98 0
70 34
0 80
2 12
40 73
10 64
20 60
40 53
23 73
60 28
86 88
50 24
68 9
12 82
72 64
6 87
9 54
54 40
86 30
50 20
20 34
40 25
75 55
53 58
36 46
16 20
30 45
78 48
54 48
32 0
20 93
64 44
10 52
0 99
57 4
52 0
20 94
4 90
54 53
72 20
48 68
62 58
4 60
43 0
70 50
96 44
68 76
26 40
83 0
0 90
94 12
11 6
50 38
40 71
85 76
0 46
80 45
43 64
96 40
44 48
80 72
87 85
27 32
60 16
28 98
36 2
56 16
4 40
45 48
17 28
4 47
14 40
67 60
92 84
96 74
0 40
55 28
32 54
32 14
70 20
19 75
81 40
46 8
79 16
84 70
8 60
81 59
36 82
10 68
9 26
75 20
52 9
25 38
16 96
80 60
99 50
68 86
18 88
70 72
85 6
28 34
72 8
0 76
10 26
28 78
40 68
0 52
64 61
54 72
60 20
20 45
20 2
74 1
0 35
48 97
52 66
96 40
65 60
95 32
91 83
50 68
45 4
65 72
85 21
20 72
50 31
64 80
65 32
60 36
16 40
83 23
67 64
66 8
87 56
0 16
10 58
75 60
87 44
10 45
97 32
98 48
76 24
17 70
90 60
36 25
85 70
5 61
52 69
5 12
86 25
48 75
0 10
50 26
48 36
0 48
40 6
84 6
90 28
36 20
64 92
20 20
50 4
31 56
58 93
20 10
36 2
90 69
43 98
76 56
60 0
66 99
77 78
73 29
24 21
60 7
70 10
36 67
92 62
50 50
62 6
27 81
74 75
60 50
10 19
42 64
22 26
84 20
50 56
0 92
50 0
49 6
92 97
40 74
22 42
66 46
12 24
56 0
50 72
20 55
73 82
67 83
90 5
99 12
50 32
10 42
62 36
76 28
26 62
76 24
49 92
7 8
92 77
6 62
87 80
89 43
91 80
40 17
20 24
14 22
96 18
23 70
75 43
65 52
15 0
73 19
84 28
88 15
52 84
28 3
20 0
87 84
40 1
0 0
29 45
68 10
28 30
28 10
68 28
55 28
17 25
90 0
50 17
66 2
29 12
98 26
88 0
43 52
20 75
20 35
43 11
62 97
18 40
85 73
24 20
3 96
85 20
60 80
39 0
97 56
0 8
76 20
85 96
60 0
96 71
67 95
68 28
83 52
18 0
0 10
75 8
70 81
50 98
16 50
97 95
76 88
20 45
16 48
68 1
76 36
90 60
48 64
40 77
70 0
10 60
61 55
10 78
80 9
84 76
80 42
0 8
22 8
74 76
69 35
48 46
75 92
86 0
0 38
14 62
68 30
64 13
95 32
44 24
69 40
25 16
55 77
22 11
52 19
28 0
65 14
28 15
10 98
21 60
68 80
28 92
71 76
42 20
35 87
60 97
10 39
44 71
11 5
74 4
12 48
62 30
36 12
23 40
58 4
16 68
27 50
16 67
84 44
67 6
50 13
0 52
70 28
42 87
75 0
86 25
25 64
44 54
94 28
2 20
62 44
56 48
38 28
0 40
40 15
0 62
20 40
80 40
51 16
83 35
56 68
34 20
32 90
86 48
20 95
22 96
27 94
28 97
0 85
80 96
54 23
0 92
86 60
28 98
84 37
13 64
36 47
70 0
50 0
44 95
0 4
84 0
40 12
63 6
74 96
20 66
54 7
80 27
20 18
71 99
66 18
9 41
18 94
34 93
30 64
68 93
84 80
10 0
86 38
10 55
39 76
80 47
80 32
76 28
74 8
58 99
80 64
10 0
38 88
60 40
40 46
52 44
88 82
48 69
30 48
6 20
10 98
80 83
4 66
90 37
0 68
85 66
21 40
60 26
98 88
10 80
85 40
13 67
54 15
0 38
20 70
40 95
84 29
4 24
69 60
64 96
0 54
21 29
36 0
25 92
96 52
34 64
50 40
90 67
76 60
22 15
68 50
52 92
42 92
48 38
86 0
66 25
41 89
24 54
90 96
14 32
64 20
52 58
50 23
75 72
95 2
81 72
26 66
5 25
35 50
27 0
85 56
36 95
30 32
21 82
89 91
56 64
56 44
48 31
60 68
45 91
89 32
30 20
28 0
44 92
60 15
2 5
80 33
40 30
60 52
28 7
0 10
4 45
81 72
24 3
96 46
56 12
75 83
0 32
42 64
70 80
76 98
50 12
61 80
91 9
94 16
16 90
0 48
29 18
56 1
60 92
20 28
88 59
20 87
9 8
13 9
18 54
44 6
14 0
80 10
78 4
98 10
18 20
56 93
54 70
90 72
76 99
67 86
28 90
50 24
63 96
5 60
62 12
47 58
50 50
49 44
0 14
27 39
5 80
34 73
96 44
82 6
32 36
80 50
89 47
50 49
76 13
4 28
80 20
92 26
73 0
99 60
64 75
0 62
68 12
90 48
46 63
10 58
92 3
0 59
28 18
20 72
0 66
44 96
12 75
0 68
41 0
58 39
80 35
38 35
92 60
23 50
41 77
23 87
16 72
16 40
50 96
32 56
20 35
64 21
49 96
12 23
22 26
53 12
48 54
40 8
24 46
64 47
28 2
91 24
73 76
80 40
40 86
22 18
90 0
77 8
72 65
87 88
24 64
0 92
45 40
16 22
70 14
11 68
90 28
75 92
52 0
58 51
92 28
6 0
15 20
59 8
5 12
30 96
35 28
20 40
95 28
60 98
40 0
42 18
14 24
66 43
11 74
0 58
80 38
92 76
72 32
50 50
15 94
92 36
43 19
28 0
65 98
5 56
15 12
81 44
73 20
49 0
8 10
66 24
23 92
6 19
50 92
49 53
34 74
58 40
10 78
22 41
26 40
70 36
37 59
96 32
0 4
88 10
8 80
44 48
98 80
97 56
5 0
61 10
76 56
10 54
50 96
8 60
36 3
61 16
48 83
0 42
10 55
44 90
6 92
68 32
56 4
30 73
50 45
40 93
32 8
70 30
72 56
58 92
42 82
96 66
28 20
80 22
12 28
88 32
28 54
48 20
36 0
32 56
40 58
0 70
8 80
72 30
16 10
91 46
84 32
49 6
67 5
40 26
37 8
48 41
80 64
56 50
95 33
51 92
12 67
75 25
38 76
58 44
15 96
20 26
82 75
72 61
74 84
70 28
70 0
36 5
85 56
0 68
0 22
60 28
3 64
9 81
94 50
42 42
0 8
56 88
43 22
28 98
60 80
76 15
54 96
72 20
32 60
42 70
30 60
88 16
12 76
52 97
24 60
0 32
94 40
94 11
66 92
35 15
49 59
80 37
24 27
16 50
23 20
36 52
9 92
76 20
90 40
30 0
24 36
0 20
50 89
59 16
94 14
30 97
74 68
4 15
98 4
40 91
33 37
12 5
50 25
60 16
50 20
80 25
36 84
75 66
85 75
31 55
82 40
36 6
88 60
98 8
78 82
76 84
36 84
36 63
95 8
30 20
78 56
0 20
44 66
42 34
99 2
92 68
72 0
8 48
58 56
72 52
26 70
68 68
14 40
12 61
56 30
86 50
0 17
25 80
51 94
8 95
42 65
40 80
35 65
61 32
52 66
30 80
66 44
12 48
44 46
32 0
42 90
8 20
92 30
76 59
86 21
0 44
48 33
60 32
20 44
86 50
0 24
60 52
20 87
75 76
77 19
34 12
77 4
82 10
48 35
83 85
28 60
92 25
60 84
92 75
1 93
4 68
35 80
81 0
80 42
55 30
0 93
55 22
41 89
54 80
81 60
52 85
60 15
6 30
22 72
4 84
40 75
28 11
32 8
68 45
62 92
80 20
60 17
40 10
92 0
44 40
84 68
52 36
5 62
45 80
68 78
32 90
8 68
70 40
10 40
50 60
14 0
40 62
76 74
7 11
96 35
9 44
72 60
44 48
3 24
32 52
86 52
32 60
56 50
48 56
2 30
71 0
82 64
1 41
29 78
0 0
2 96
2 2
89 92
72 58
20 90
63 72
8 0
8 8
96 40
58 53
96 75
75 14
15 96
34 48
62 65
50 0
4 76
48 20
95 88
80 4
89 0
70 63
4 95
28 50
34 57
68 2
48 35
7 4
10 90
78 0
40 30
80 72
54 0
86 80
66 13
58 92
40 38
88 72
88 95
60 85
4 80
67 36
40 80
10 38
12 50
94 44
50 62
80 80
26 0
96 24
36 30
0 91
4 33
32 99
15 30
40 22
87 76
6 24
30 62
20 89
4 80
0 15
1 65
10 55
40 4
80 64
90 39
26 88
71 88
72 12
62 24
20 92
30 92
41 40
72 94
16 44
28 87
80 6
38 36
25 60
74 77
50 75
34 3
46 5
0 88
30 99
86 98
64 4
24 88
87 12
84 90
74 60
51 43
1 4
44 11
50 26
4 0
37 90
59 4
26 60
70 13
17 77
33 46
43 20
10 40
60 54
75 87
27 21
89 96
98 47
70 59
8 50
36 58
82 16
40 0
28 64
54 55
0 30
64 64
46 56
68 60
0 24
0 70
0 10
22 20
32 40
50 44
35 70
44 84
43 68
56 40
2 34
52 66
19 99
32 84
57 88
33 8
87 80
84 96
40 95
43 65
98 20
64 44
16 88
16 64
39 91
77 55
26 60
12 25
62 28
20 88
52 45
81 90
43 46
95 0
0 78
71 60
90 22
80 53
80 48
16 48
0 75
32 65
20 24
98 1
8 46
75 84
84 64
20 44
78 6
80 85
37 70
96 72
45 18
80 32
76 40
33 50
63 24
60 6
0 11
20 20
84 40
68 88
44 86
53 52
28 89
64 46
20 58
80 92
44 13
50 16
0 0
20 8
30 30
80 43
0 64
64 72
28 10
58 39
40 45
80 35
20 80
38 74
3 72
72 58
95 25
14 4
6 31
74 12
24 19
91 55
46 25
51 4
50 44
79 78
87 14
2 54
90 16
50 8
90 85
67 0
96 24
0 80
60 52
29 89
46 98
26 72
60 16
72 61
49 70
12 30
98 36
70 81
50 50
92 0
42 10
65 32
50 72
0 45
69 85
56 84
60 84
42 56
50 16
0 11
68 45
85 19
80 84
88 74
37 36
30 80
40 92
6 35
17 75
58 60
34 2
32 32
69 6
40 20
0 46
21 90
31 50
47 8
30 0
10 13
17 25
11 0
80 48
67 40
40 98
68 24
60 86
65 0
49 47
70 55
24 78
41 0
74 84
25 56
51 8
55 80
90 7
12 63
2 92
35 88
84 56
63 18
48 52
73 9
88 54
32 81
55 4
33 64
48 12
60 90
74 39
0 20
32 59
85 52
80 64
80 75
36 16
30 60
46 7
72 20
10 24
20 71
80 0
78 20
40 46
0 84
80 8
70 16
54 80
37 16
39 16
79 80
36 36
38 48
43 66
8 44
60 4
86 55
9 4
19 40
20 68
33 69
60 7
57 84
46 16
24 88
0 58
44 25
68 36
32 54
27 48
56 30
25 40
13 15
0 0
44 56
26 36
0 86
86 73
0 10
32 25
77 25
15 20
55 73
65 60
79 92
64 83
86 48
84 76
86 0
16 88
96 24
72 6
16 18
44 0
80 35
60 65
2 59
13 18
13 86
68 20
94 40
55 6
12 98
16 0
80 15
62 0
0 30
38 40
18 72
4 39
52 48
38 90
30 12
72 48
75 17
96 13
91 25
68 28
15 4
20 88
13 88
28 50
0 51
18 28
92 98
2 60
72 70
84 50
16 94
70 51
63 2
60 0
41 78
68 32
66 9
8 74
35 3
92 87
88 86
34 60
50 65
50 22
36 46
94 92
18 68
0 15
95 47
24 76
51 92
48 26
35 50
13 80
92 57
56 80
40 0
12 45
36 13
92 53
44 12
10 16
30 45
4 8
92 9
5 82
31 96
92 84
48 79
20 36
72 35
48 48
67 74
56 72
72 33
25 22
50 76
68 64
70 20
20 75
10 28
26 95
75 55
42 8
26 71
8 91
52 7
48 15
42 51
86 47
52 80
50 70
76 68
22 5
32 40
20 0
40 12
92 80
40 1
49 80
48 60
44 0
98 35
90 0
42 48
86 4
64 10
97 96
60 0
58 38
60 64
80 60
75 18
8 56
39 6
2 0
36 8
80 57
27 16
25 24
90 42
50 60
0 4
4 76
26 28
76 20
80 0
56 40
25 3
0 63
72 64
2 72
65 0
92 89
44 59
78 77
32 53
18 98
32 22
13 50
75 38
84 13
43 66
36 40
60 80
5 64
15 24
59 89
80 27
0 72
30 0
35 83
60 15
40 62
86 46
40 28
0 51
96 82
37 64
92 62
50 0
34 38
21 60
24 67
2 85
72 30
65 75
70 7
44 83
30 48
44 75
5 85
60 94
70 35
92 75
96 14
95 30
24 30
52 28
0 5
48 67
15 40
14 45
80 52
65 50
34 44
61 2
95 82
84 76
75 10
22 0
88 33
92 28
96 4
91 0
90 9
90 78
45 89
88 67
75 8
92 76
0 0
61 48
12 79
40 54
48 31
51 50
12 40
50 80
50 30
39 37
40 6
73 10
82 11
44 35
20 22
14 70
32 66
8 84
21 34
80 48
32 72
35 6
5 0
30 0
10 5
8 10
96 82
69 42
28 0
7 95
22 72
2 72
82 81
46 27
10 66
65 22
11 52
54 18
4 96
60 44
41 88
86 95
20 88
16 43
8 53
80 36
29 36
8 38
76 94
3 32
76 40
98 97
65 50
17 99
80 90
20 20
30 42
60 67
73 3
20 50
20 41
42 51
95 85
50 85
82 80
14 20
98 16
5 37
24 24
60 58
71 49
72 72
96 82
84 98
18 18
88 90
39 48
30 52
44 92
83 24
38 96
50 32
98 21
4 49
40 84
20 93
59 76
56 76
70 56
68 50
16 36
56 80
7 53
58 75
20 7
98 36
66 32
80 20
8 15
40 16
0 78
88 76
47 40
60 53
75 20
20 73
37 60
60 12
0 28
0 45
90 52
88 56
56 75
46 80
82 8
52 90
40 50
0 25
68 8
31 68
49 88
86 90
68 36
54 80
23 1
80 59
31 50
99 83
48 52
12 4
55 0
80 88
61 40
80 6
52 60
18 85
16 0
92 12
47 27
64 10
68 75
40 75
32 38
64 50
54 36
47 55
0 62
20 20
90 94
80 22
90 80
69 16
6 50
86 60
83 88
3 98
30 45
13 15
92 64
8 89
82 72
6 0
24 90
87 60
57 20
76 54
28 54
60 86
28 76
70 60
90 28
44 92
24 36
72 60
36 80
27 76
70 10
25 41
50 11
80 87
31 27
60 16
19 80
32 20
32 22
76 38
12 54
40 40
59 5
76 35
