1
62
558
628
4160
7098
9590
23124
24216
42230
64064
76384
93418
124124
144144
148421
327216
3131855
3305565
3771460
3820626
4790368
4908497
5151289
5339224
5467319
6072570
6503070
10190440
14574076
18894799
26139150
30107714
35816715
37980910
38258165
41705076
45379809
51340620
79289342
88293002
164338960
171932760
229494139
335794790
368086385
386652189
407548350
432699251
486474872
523030235
557449884
576345348
656770352
792830259
806417782
876993480
933653312
993015250
1038534000
1095890112
1166373065
1210262495
1255379026
1317482439
1461345024
1607484130
1616679680
1667962743
1739848682
2001748100
2061906700
2140421225
2146113925
