100
7 60
11 40
40 47
0 8
33 42
20 23
46 68
8 21
45 52
56 61
0 6
37 91
8 16
58 82
19 48
32 44
30 51
40 50
55 68
4 20
43 44
18 81
25 74
25 56
4 80
80 97
37 86
28 92
36 46
20 56
48 60
19 64
30 84
88 92
55 75
1 3
96 99
50 80
3 19
44 72
84 98
90 98
60 86
26 60
14 43
21 50
12 68
51 93
46 94
81 92
38 49
76 84
26 44
71 84
2 51
15 26
16 64
21 75
18 72
72 84
16 24
70 81
34 72
48 82
51 66
5 56
10 34
9 60
73 77
35 60
62 90
59 70
56 78
22 61
36 67
12 65
54 58
32 49
13 23
43 52
6 96
35 73
68 79
41 94
27 99
65 95
10 17
60 69
63 92
50 57
31 56
28 42
29 60
52 53
45 87
85 90
71 83
13 39
34 89
