100
40 88
46 80
0 19
69 80
60 80
26 94
24 65
18 43
8 65
0 65
24 36
45 75
4 68
32 36
19 78
28 72
76 84
6 20
36 80
44 76
40 84
2 17
25 40
56 88
28 36
33 81
7 20
14 48
7 65
16 60
55 96
41 45
20 26
18 36
74 88
69 76
12 18
60 63
81 85
64 80
30 79
23 44
53 96
8 50
75 88
44 58
4 95
64 90
20 68
72 77
14 40
12 99
38 60
1 88
2 71
63 82
9 12
73 75
5 80
34 72
5 66
58 98
61 64
85 96
30 32
22 97
57 85
42 57
10 48
92 96
62 88
55 68
15 25
35 38
70 77
13 24
22 75
47 57
68 87
89 90
42 52
71 80
80 86
39 60
21 64
27 64
10 49
6 93
54 84
32 83
36 67
29 56
11 45
51 84
3 96
31 56
67 91
59 96
37 50
