1000
334 625
651 920
180 968
708 994
27 674
177 281
308 757
375 992
56 840
272 746
634 820
268 274
310 902
98 350
843 865
657 765
320 980
872 980
28 84
195 646
280 724
810 990
360 711
0 418
60 726
15 308
60 440
240 338
836 912
0 872
542 631
471 882
10 830
706 990
816 960
496 960
528 752
256 326
167 194
368 663
440 711
632 972
155 290
450 552
485 988
571 712
123 400
473 822
190 326
188 824
250 496
4 455
624 696
136 992
36 474
88 650
272 520
232 956
493 766
215 545
289 744
29 978
426 444
147 319
610 872
221 675
298 528
430 936
476 950
233 952
818 988
714 835
420 973
420 915
290 702
137 958
160 182
180 392
132 686
151 440
442 928
34 170
295 989
182 741
856 948
192 676
591 786
251 317
392 874
450 504
582 967
64 572
664 872
749 988
8 274
370 800
357 625
624 640
703 950
547 550
340 614
332 923
128 565
140 330
620 944
66 992
20 369
198 768
160 184
506 550
223 951
238 934
896 988
640 728
891 956
149 304
264 284
356 380
818 951
75 758
52 800
614 738
212 356
556 760
44 96
200 969
240 250
455 776
52 438
752 840
320 472
536 640
325 449
428 804
105 564
522 870
466 994
589 725
112 974
516 552
465 492
871 876
108 481
86 671
365 370
44 975
651 706
599 613
40 660
194 270
544 888
33 336
428 598
384 987
132 142
416 638
576 748
259 692
120 912
26 54
550 760
526 884
266 808
642 920
312 630
280 539
194 340
294 800
600 834
175 712
435 534
4 198
357 610
235 664
648 998
424 513
324 899
28 401
30 696
242 575
424 898
332 672
284 548
220 636
404 773
405 720
109 200
112 550
120 686
558 606
212 368
484 531
271 804
400 626
196 975
764 992
630 700
226 533
520 983
776 865
488 620
200 710
117 203
248 518
25 996
250 975
88 405
851 906
400 529
245 496
51 500
470 622
50 70
328 349
360 840
21 560
545 968
189 946
6 367
305 440
381 492
95 272
340 985
750 759
40 645
170 432
508 993
362 482
500 775
260 869
863 992
111 632
134 368
124 154
431 748
294 350
335 832
1 584
764 900
100 750
148 518
90 295
536 702
192 580
207 644
493 986
860 950
144 575
172 640
170 872
138 628
410 660
252 460
106 264
640 910
548 767
500 890
750 800
856 870
491 655
563 784
562 660
361 887
245 660
328 330
288 800
145 900
172 480
336 410
444 561
524 620
662 968
70 875
30 518
648 865
69 340
266 768
608 661
174 256
702 859
488 976
148 424
67 566
555 809
176 626
560 616
498 614
8 404
552 830
264 958
408 630
1 636
310 704
56 916
80 820
276 950
25 731
187 222
224 920
312 965
580 632
61 150
215 672
195 888
135 733
203 206
436 850
167 330
6 400
462 588
583 890
238 248
576 833
226 728
184 226
252 958
620 868
646 900
660 836
43 760
416 560
800 869
21 196
580 644
474 512
324 375
256 308
887 900
575 790
441 784
34 904
494 770
788 904
214 316
634 675
860 895
94 732
80 474
76 950
755 862
129 172
186 500
124 184
512 786
521 950
485 687
890 940
364 488
710 720
440 824
110 915
164 594
19 567
249 390
586 965
282 352
96 800
667 802
572 996
199 844
473 774
136 806
768 788
540 688
680 850
275 688
396 512
816 944
27 28
720 862
695 992
22 336
376 884
928 978
66 73
399 685
408 948
223 880
392 580
606 805
253 648
380 615
248 796
253 580
495 948
395 420
285 635
74 837
452 948
608 808
242 409
680 888
518 760
168 368
45 360
445 609
760 895
396 708
100 962
325 819
523 798
179 698
530 710
95 452
800 804
232 459
583 914
390 871
630 808
880 927
298 700
375 510
780 954
355 755
437 780
410 479
284 804
220 592
63 812
235 800
772 828
70 669
315 510
83 968
880 986
746 888
386 926
393 432
268 863
454 837
296 687
130 376
128 890
270 396
412 793
628 825
568 650
65 392
169 830
285 684
558 792
230 880
218 989
141 164
48 119
442 930
526 544
550 650
51 950
480 786
158 920
50 351
371 680
225 744
520 920
592 987
206 925
528 984
529 628
470 720
168 946
297 945
296 756
125 786
344 516
125 130
607 746
529 629
940 988
46 218
664 922
370 665
237 778
14 776
38 971
609 914
126 300
412 630
157 628
301 448
175 275
32 74
532 808
596 749
685 952
196 942
631 670
848 974
535 889
45 732
638 917
384 637
843 954
110 276
335 464
115 294
568 652
352 922
551 968
334 907
510 935
446 478
311 816
700 908
805 917
721 896
436 879
265 920
139 735
300 845
452 590
540 769
244 748
486 682
511 860
102 908
14 456
656 730
826 914
10 632
570 680
321 755
609 613
726 930
295 389
244 710
744 770
20 520
715 796
773 852
689 800
199 544
736 988
770 921
463 480
228 934
368 624
364 458
326 962
202 552
588 848
914 936
176 724
81 250
554 789
480 825
188 515
48 428
32 216
670 830
356 600
402 640
58 732
105 300
75 87
775 842
258 564
343 384
952 996
341 955
429 982
271 873
181 654
359 688
153 327
287 352
216 630
318 796
204 323
830 864
304 710
582 957
565 970
38 604
659 953
464 775
548 981
366 638
147 370
642 693
604 890
457 870
317 400
144 353
779 856
399 838
372 410
618 722
712 952
104 880
322 710
910 952
468 968
225 552
92 620
388 599
637 662
575 928
534 967
216 876
113 217
685 918
31 840
42 946
99 960
425 793
35 990
527 816
303 486
246 522
444 823
17 735
140 573
54 86
716 780
135 795
183 200
512 772
560 740
682 818
796 821
637 854
683 876
143 188
496 581
99 397
581 941
784 936
600 875
490 714
210 872
164 560
309 376
227 482
314 819
785 964
61 750
300 922
152 340
146 955
794 948
427 836
378 840
448 588
395 465
156 183
592 705
277 392
602 630
182 406
418 601
508 862
619 888
341 680
725 996
617 658
46 536
150 398
665 943
18 810
3 233
118 222
198 931
74 538
206 440
227 346
677 717
336 812
214 224
668 754
86 960
233 297
402 413
618 902
692 980
224 709
150 453
564 657
385 688
405 932
16 108
133 510
539 553
745 887
31 714
809 823
11 297
347 860
24 112
187 192
556 851
205 288
101 552
230 937
517 888
107 926
254 665
279 496
798 840
497 979
329 950
26 778
554 764
107 289
415 800
348 637
421 762
910 991
509 831
162 625
422 566
344 574
541 624
42 597
639 844
494 758
76 704
777 808
41 687
241 285
72 952
401 662
326 434
487 713
475 818
302 811
394 834
732 964
87 593
771 911
229 570
108 178
517 956
234 571
660 892
13 482
85 132
68 880
231 866
71 480
260 531
213 546
53 95
16 260
539 641
598 684
55 364
374 474
19 131
595 718
62 152
106 691
201 400
690 911
57 240
419 872
380 877
278 310
905 951
173 240
204 500
601 737
711 846
446 793
730 923
783 789
114 148
306 920
90 647
525 888
59 514
261 440
734 998
208 890
257 900
24 491
62 482
374 754
171 425
193 952
802 920
22 893
64 678
7 445
644 979
72 698
263 302
92 519
291 584
315 467
423 460
823 942
156 612
269 668
186 919
9 813
113 972
267 367
443 681
795 894
314 776
83 999
181 992
549 590
82 555
211 726
359 924
291 535
288 345
153 346
677 788
122 744
78 150
185 657
161 706
116 567
79 196
753 995
652 847
569 692
228 403
59 272
302 320
134 286
911 980
733 822
614 938
77 125
5 522
892 913
262 364
649 928
458 815
12 210
501 642
234 977
435 974
323 354
121 875
407 698
77 358
587 824
159 250
471 820
197 514
758 797
306 414
377 798
122 273
605 925
812 939
243 552
546 960
313 999
855 928
54 763
71 903
236 384
292 832
49 552
534 666
397 995
439 626
239 816
219 930
352 421
97 936
827 996
258 537
489 623
255 328
643 879
382 772
849 856
331 730
472 742
163 564
165 570
875 901
17 289
894 978
346 885
566 632
791 906
79 959
679 991
701 750
503 807
585 650
307 775
247 815
85 801
784 878
700 803
93 312
461 648
729 970
658 660
603 706
333 437
406 659
2 594
265 694
861 904
193 299
507 634
509 800
387 667
218 713
433 956
598 611
281 585
23 55
116 698
578 710
166 940
39 775
339 744
673 780
415 782
429 546
363 960
768 909
275 723
47 584
391 778
96 411
868 897
91 906
9 976
503 564
502 528
89 768
612 857
727 967
716 858
210 853
486 751
447 526
376 505
781 856
632 718
337 472
621 973
501 579
103 536
281 933
342 809
518 966
283 360
37 700
483 880
427 886
209 682
382 489
262 443
477 619
207 814
451 898
119 997
373 692
89 883
829 880
697 968
346 499
720 799
417 621
949 956
627 948
127 755
484 761
543 613
559 937
469 817
191 218
217 707
173 379
839 840
448 653
739 888
577 615
162 469
430 867
695 947
699 920
915 929
231 908
348 787
747 952
522 841
293 844
920 961
12 881
169 743
633 675
719 860
557 625
698 963
383 596
