1000
532 832
51 668
32 399
375 688
66 876
224 808
695 842
453 941
594 926
663 936
62 774
302 402
288 716
274 464
68 682
568 890
353 707
160 590
730 831
220 992
410 660
0 380
281 970
405 874
532 726
656 798
152 370
509 652
588 750
72 200
770 802
149 420
80 140
338 582
204 482
418 772
248 400
6 900
266 990
147 288
808 844
86 700
335 736
506 666
500 740
159 433
81 389
419 845
596 957
301 360
400 474
160 200
403 921
478 736
431 760
302 768
123 372
276 500
391 536
41 120
299 800
744 974
268 332
47 62
520 618
375 750
86 628
704 892
721 957
774 954
116 953
227 560
125 668
561 596
80 710
253 757
333 919
433 745
174 638
636 960
570 720
730 970
325 904
580 768
104 788
580 900
46 600
520 986
224 558
40 440
305 733
134 984
85 644
290 520
680 780
516 806
646 911
4 472
685 896
423 425
406 672
368 604
247 354
109 271
125 222
736 840
765 990
473 570
8 259
552 612
236 526
14 996
310 825
782 821
366 476
168 234
706 960
510 667
696 810
174 960
450 908
5 395
193 625
272 600
130 880
48 656
465 600
764 868
686 947
800 920
215 322
650 970
406 936
263 744
25 890
572 714
376 856
450 790
184 592
6 80
408 450
246 972
96 700
398 884
35 275
460 720
104 850
315 458
562 625
150 241
222 437
40 170
256 978
88 858
72 472
218 220
60 197
658 848
844 944
721 760
386 780
325 632
374 600
208 400
444 811
500 602
153 416
60 240
235 424
66 432
333 838
783 890
24 835
268 730
172 981
440 743
606 880
436 560
110 216
315 758
278 868
50 238
680 870
88 308
32 903
36 364
38 500
474 983
320 365
775 960
240 500
290 351
20 857
216 300
264 840
350 889
260 382
23 488
52 624
790 960
344 444
172 528
672 968
634 940
760 924
210 502
468 768
440 836
256 650
472 486
1 416
510 750
348 820
42 465
240 814
640 810
420 808
276 883
284 965
162 242
98 760
130 298
69 700
200 275
320 620
4 620
312 612
152 590
112 312
92 535
92 976
400 480
216 272
164 311
431 434
496 793
594 696
776 918
180 920
740 810
188 428
564 666
356 973
358 375
540 556
560 829
259 868
384 954
136 400
281 320
140 565
91 676
48 401
288 365
700 956
732 976
682 685
480 840
625 932
418 485
560 980
306 420
488 980
370 727
454 560
111 812
134 690
480 564
230 354
518 626
95 404
828 956
380 872
22 219
864 992
305 336
606 636
488 970
197 666
58 934
330 751
0 440
49 688
844 931
207 448
184 550
430 905
760 823
850 940
647 910
380 944
656 948
712 890
161 446
18 165
616 688
7 520
231 768
167 364
136 234
365 548
613 674
8 295
346 393
165 986
815 866
335 922
108 222
515 899
164 958
505 960
301 356
49 384
362 651
750 805
640 963
264 920
74 832
24 998
99 904
585 996
391 868
248 996
538 713
7 50
116 320
512 884
145 186
360 726
824 905
385 904
818 999
696 745
452 564
11 25
930 939
715 720
280 793
90 620
372 450
476 944
232 300
200 360
19 572
365 600
873 896
623 985
469 600
25 648
280 742
392 975
392 400
252 510
336 773
490 845
490 510
146 208
286 368
196 784
374 662
64 540
492 916
230 860
118 439
206 606
295 796
496 544
12 490
128 662
481 568
47 256
498 970
636 844
168 746
30 264
725 837
43 627
178 767
65 840
324 500
364 912
85 312
809 984
166 728
171 226
327 456
79 659
144 875
339 840
616 670
350 556
271 616
352 610
405 980
250 775
120 737
171 970
56 196
435 519
512 899
420 937
190 852
220 726
340 536
198 401
12 500
156 750
605 695
292 354
470 896
75 708
124 184
508 787
287 770
194 624
460 750
330 793
36 545
526 933
824 845
960 991
232 830
118 196
626 676
260 355
583 586
711 740
678 831
539 785
98 120
322 504
615 658
784 986
750 878
234 541
250 350
403 869
424 840
310 610
313 820
233 736
470 950
96 582
58 552
140 740
56 818
75 153
303 640
53 946
38 848
262 816
144 954
308 506
180 354
795 936
148 516
16 130
545 832
877 984
183 532
16 896
124 308
62 902
326 827
456 975
176 801
804 820
535 589
386 696
204 764
566 843
887 935
213 329
215 376
373 412
456 786
43 684
273 355
479 858
432 720
838 914
395 879
54 658
115 620
236 882
356 759
614 730
132 280
146 542
608 714
44 196
270 340
192 496
30 48
462 646
816 906
76 220
347 397
385 880
163 624
90 385
79 773
675 776
548 772
155 704
297 868
51 190
472 584
318 792
81 438
46 280
222 648
269 358
255 850
312 912
515 824
388 788
534 967
265 357
207 775
538 635
97 943
316 574
800 801
888 936
22 162
672 805
489 871
255 438
340 968
850 991
455 808
191 221
390 713
120 412
358 820
414 768
289 784
568 738
50 956
138 725
664 855
458 680
328 857
295 760
776 927
816 892
150 248
324 569
304 605
210 676
908 958
344 876
408 976
45 320
9 543
648 850
304 790
366 784
212 416
228 908
272 595
138 589
762 828
576 760
828 909
492 838
610 781
596 879
804 998
169 475
71 505
352 401
663 697
376 916
528 904
731 745
113 120
65 162
100 671
544 918
785 896
100 290
458 686
59 310
296 416
886 929
792 805
554 870
286 922
547 697
10 836
441 936
93 138
191 960
430 815
447 720
166 576
765 833
718 842
700 769
701 813
868 930
462 616
190 274
18 291
283 750
244 976
253 828
830 843
148 612
426 787
266 562
254 280
195 219
182 876
42 415
95 880
701 790
362 751
328 632
686 952
117 693
314 918
244 626
613 714
336 918
491 712
178 644
258 805
169 706
225 818
94 170
484 656
550 841
34 350
359 935
10 763
497 848
536 607
189 880
393 464
82 600
70 94
52 876
390 450
102 622
78 200
188 350
223 534
619 746
317 800
208 245
53 320
545 928
669 800
372 487
26 320
469 649
604 744
59 982
287 828
213 696
394 790
13 914
29 754
638 756
475 522
690 952
298 752
87 265
908 910
530 850
70 345
246 900
665 982
708 842
293 672
209 490
162 523
744 812
859 866
599 756
158 418
342 696
572 910
108 262
54 211
294 480
348 765
27 354
853 859
791 914
534 785
155 157
628 664
69 260
575 760
196 409
218 799
399 560
417 557
772 962
13 890
316 317
521 568
284 332
551 800
202 940
186 426
28 96
894 898
106 653
170 652
137 468
175 607
2 681
635 979
64 557
151 619
67 750
875 964
525 917
724 886
425 996
1 107
702 715
524 968
377 868
34 747
617 716
84 224
586 588
657 691
900 925
176 771
102 924
270 546
466 936
185 600
237 798
26 526
141 303
655 680
214 544
326 504
742 839
425 907
514 941
888 949
217 747
705 782
847 990
529 644
182 277
723 776
446 631
708 995
661 753
670 754
904 938
513 711
265 636
503 598
121 904
123 508
660 684
657 700
446 960
243 549
555 965
668 729
119 942
97 600
619 709
369 855
77 300
44 609
525 685
670 851
205 362
660 815
82 105
357 748
486 886
645 952
468 894
261 532
106 276
707 872
579 832
179 634
198 915
683 785
349 910
825 969
849 922
2 690
620 897
267 752
112 869
133 869
114 784
516 941
540 581
309 324
412 846
881 940
19 994
3 420
712 935
511 558
201 652
467 939
122 434
807 865
698 984
131 134
398 677
432 782
448 629
810 834
21 539
368 895
504 945
527 636
177 824
503 870
378 440
143 164
331 386
322 717
507 532
55 648
631 989
741 775
861 986
110 923
199 868
449 682
453 826
203 210
321 668
282 529
559 876
187 955
422 794
489 755
285 494
471 870
37 620
642 664
135 380
229 419
119 378
435 612
661 772
277 687
181 504
397 448
9 104
15 250
243 480
689 810
699 729
766 900
89 368
692 900
563 815
597 890
630 752
445 917
294 971
239 582
257 890
202 396
593 800
206 578
722 744
83 998
237 885
592 623
679 787
129 369
61 416
443 594
620 778
421 716
321 553
127 962
23 517
67 139
84 951
646 822
187 500
407 458
495 898
117 704
493 680
296 531
226 891
31 802
429 792
878 959
411 904
427 525
808 993
371 924
285 904
341 706
343 742
688 694
39 940
337 900
643 890
459 802
413 962
353 463
17 162
383 652
695 862
591 931
381 906
101 221
688 777
637 902
457 664
740 988
142 627
387 904
719 775
735 866
601 956
630 819
790 854
249 475
212 755
422 488
126 386
57 115
416 739
424 803
654 731
589 807
252 367
784 913
901 998
577 768
242 966
961 992
567 928
229 761
300 533
173 615
334 904
262 537
251 560
641 868
33 111
175 477
452 867
639 878
154 766
103 840
63 682
573 760
463 749
128 363
319 725
156 789
601 734
238 461
194 379
63 603
323 733
451 683
73 332
499 660
459 817
501 799
407 587
584 987
279 624
779 992
518 571
548 797
360 442
611 992
361 400
113 673
292 997
863 998
307 784
633 800
309 977
807 893
483 762
234 703
621 736
